geneID	S1	S2	S3	S4	S5	Control
Skcos6107	1.8932668526906375	0.5400206394801802	-0.5346169503145966	0.4160765864642485	-0.8640161865924645	0.5916211504054207
Skcos2759	2.360038977125918	4.77811931752363	3.082717010355514	-9.46278180339504	-10.433915137503323	0.7165574763896708
Skcos26213	0.17234147032503597	0.12352391831142079	0.6433725126952171	1.8248700713682513	0.6661290328536073	0.11056797560685111
Skcos26222	1.280683687885063	0.07638546476236241	1.0461322679034595	0.2140889701750144	0.6615117699928958	0.2855505534069189
Skcos22754	1.6428554356691851	0.5453753505217505	1.2125550478707119	0.2085904671662186	0.6344074170977321	0.3078912575039496
Skcos25322	2.1060240171898705	0.7377056915092427	1.5658857037730487	-1.36425527379656	-2.1162952329429903	0.19510320300323114
Skcos397	2.361213898856978	5.6245067249870715	3.161893820787916	-12.761857754027423	-10.055208652958637	0.7370058690759955
Skcos6735	0.15214732644168075	0.08988898170038294	0.6498500036362755	1.8799039227201764	0.7269410993346547	0.10929441828473835
Skcos25715	-0.227347386827389	-1.7431244306045166	-0.44018955937765847	7.149014395610791	6.519952555403068	0.6853560768002742
