geneID	S1	S2	S3	S4	S5	Control
Skcos6107	0.14124128941916553	0.7492596612165837	1.2320981803573021	0.8049481682842918	1.3800984373377623	0.7260753667915156
Skcos2759	-0.1872248031220709	-0.4483167607616939	-0.26525588392893684	1.0893429646390809	1.1942009791125463	-0.009770069628329152
Skcos26213	0.27618341172011507	0.17364444150156907	1.265561945329013	3.7472419555898826	1.3133609447984684	0.14643109367194945
Skcos26222	-0.614261295336785	1.2985689914511132	-0.24171481861230018	1.0798495491296034	0.36919178508183215	0.9663445400519026
Skcos22754	-0.7604831418320729	0.6223792787546177	-0.2182899449774344	1.0467397435292214	0.510195831636707	0.9216173534731333
Skcos25322	-2.6634850060387643	0.2445631284202937	-1.5155443659100645	4.711801160055055	6.310090358693539	1.3977408099863609
Skcos397	-0.2721246688217463	-0.6054238362615307	-0.3539027885260104	1.2724830202822874	0.9960371295812416	-0.1062348106575336
Skcos6735	0.3463048919950431	0.24041344831971004	1.1928171985494258	3.2849413279578235	1.3239367689770614	0.2734189788009029
Skcos25715	-0.3223430146249612	-0.6687330438313445	-0.3709823621257789	1.3633258531978583	1.2195707078770182	-0.11376921366875749
