geneID	S1	S2	S3	S4	S5	Control
Skcos3414	-7.474442365963613	-1.9450225653626747	-4.7338908462941935	0.5228787554991308	-1.5429403546583271	-4.415700334622263
Skcos16456	-3.1988444832383798	0.42457404801544324	-1.737943968206027	-0.12838924590383935	-0.5947116429247586	0.38128049218233656
Skcos23455	-27.839041333322342	-16.01474963186567	-17.446651006933763	-3.343546853044592	-5.1945123127583175	-14.374845995773699
Skcos20018	-23.450983735832512	-12.005869051106318	-14.756952972634965	-3.7648179138569806	-5.686586522639742	-12.665196101079228
Skcos5028	1.6122823422168109	217.75120710212803	5.192879133152375	15.031575700291471	15.397894395473775	-0.3664120740687872
Skcos1171	12.149736798350169	7.412457235901542	7.928256416816359	2.613415212647592	3.1281336444533854	6.161782777769102
Skcos27041	-0.8629959140428786	0.5246916510651759	-0.30929252834299664	1.2809681704607856	0.6801418775076645	0.9681712430437501
Skcos26222	-0.614261295336785	1.2985689914511132	-0.24171481861230018	1.0798495491296034	0.36919178508183215	0.9663445400519026
Skcos5700	-0.6930590103681044	7.670923590412655	1.027069915529984	-1.0879688469947668	-0.5410469090683211	1.5833313388483234
Skcos1345	0.553603992496059	156.1967669469699	3.6974968724461905	8.457863215785274	6.365659738229473	-0.0043055169743845805
Skcos17727	-46.897867219450305	-21.426100860576607	-29.699450998829803	-8.695420423523522	-11.386843706586557	-25.70383005547603
Skcos7205	93.07176824307156	48.41970971281183	59.866785136333824	19.03780384624043	28.394337298749626	48.52886914126788
Skcos21122	-0.7855403014415643	0.6571316244786786	-0.22006673909867583	1.2402535763084301	0.5909390592024107	0.8369107091549528
Skcos18755	0.0439327910710154	-0.5120343540765373	-1.6955257492169085	1.1322124999211423	0.8127032734305687	-1.1373589684139696
Skcos14696	107.98283625641446	46.995132341815804	74.19572246351348	19.888880704516414	39.639432385284906	40.750653240560375
Skcos6341	2.508410985270632	-216.1669425155507	-2.1975474787823868	-15.468973525853587	-24.55431844221194	1.145716075653469
Skcos25797	3.8048023943061997	0.4203412833626451	1.2575233747556964	-9.261999433401357	-1.1049152745548387	-0.28355246257464495
Skcos14282	0.7190210712168931	5.606102611737518	0.789876663748158	0.4065134226239084	0.03712437703908669	0.29027129147239583
Skcos12986	-1.2165341042956244	3.4052271491766057	-0.6656994900967405	1.7149363411929601	0.24689735794171844	0.5666211665285219
Skcos14734	0.17757446262398244	-0.33679996973608084	-1.3116014418992772	0.870721449152421	0.9713019898568743	-0.20589408880501983
Skcos23892	-3.4787538513454606	-0.1552633823000153	-1.931952964906493	6.141504762624827	9.821367356839646	1.6213659296606582
Skcos20028	-1227.9880542677479	162.07698815830506	-791.9037827770937	-245.80087176815903	-347.64425869574575	-730.8841436287422
Skcos24188	1.7828655295463807	-0.33082083842298216	0.9527853139605482	-1.3573079283522498	0.9698828671132431	0.7163944264368834
Skcos21919	1.0846706211779247	-48.556983638389	-2.0715395588992607	-3.7040648716065214	-2.7617158241569433	2.4834486421547943
Skcos17497	0.18078764808783104	-18.9827672849534	-0.7680752121608084	-0.13350139809209696	-2.8274258127799903	0.4753866528644016
Skcos22428	-24.54830061634321	4.7933905472826535	-16.62216860897914	6.650852780778554	-5.929894860272236	-16.605984711947542
Skcos17234	-0.051835276440731166	-24.056368293531563	-1.8249255320662392	-0.970437591299354	-3.9743985047560373	0.6782487971247888
Skcos7222	-3.041871024777312	628.8915650132573	39.219915510996884	80.20632824123746	45.147005700213434	-12.572482510412065
Skcos15604	-4.9072271979485675	1.0139495261041556	1.6410096428726715	-1.1010160313953294	2.333906169444922	-0.5679953386306036
Skcos2226	0.3495667083758602	-17.62162529499587	-0.8027295518945937	-0.7685496514498315	-1.9056132512050983	0.7072578539991141
Skcos15698	4.307860021002479	-73.94719611016095	2.3734006344520364	2.5208848057223308	3.4432562105451607	-1.4810073308122986
Skcos5199	-0.8699474260483523	0.6888792425746844	-0.24513224205042275	1.2417432055057869	0.5660942831930798	0.8024661316566689
Skcos22754	-0.7604831418320729	0.6223792787546177	-0.2182899449774344	1.0467397435292214	0.510195831636707	0.9216173534731333
Skcos25322	-2.6634850060387643	0.2445631284202937	-1.5155443659100645	4.711801160055055	6.310090358693539	1.3977408099863609
Skcos16169	-7.07860737606224	-0.5789461599288163	-1.4283620058812203	0.18714239882014455	1.0431004976435265	0.2436267334391228
Skcos22498	17.200368421279254	10.331605676531725	11.67707383850104	2.9005984028181	5.53584783693654	8.708876772932806
Skcos23849	1.0688702070533338	36.2682487545351	4.1672550513539965	6.681652365290026	3.50914947855041	0.7275211034896847
Skcos21275	-8.362079368966514	-4.494096062309254	-5.4450431923356994	-2.190033977255577	-4.9654374000919965	-3.9848357905706293
Skcos22904	1.079836332049383	0.29414873855698215	0.9280604903751297	0.8743256202646223	1.0322467996446512	0.4120848792234839
Skcos16252	-16.881089476132175	-6.920604264354087	-11.072535044767958	-2.644393816919111	-3.669651691154176	-8.485963854465648
Skcos5635	-17.75883528926362	-5.974839194101959	-11.989095825447212	-3.7759245437925557	-1.3102923810228486	-9.739686743971895
Skcos27624	4.0897814177152005	3.514195745950698	2.510623801901385	0.27731944838819783	2.543338402354247	-1.3952239125990238
Skcos8020	-6.571190891259331	-2.400328458460279	-11.390264328808179	2.4944183061549485	3.4741630502830545	-2.1960977898858673
Skcos15479	10.397498254009948	5.696628055857127	6.890273980549161	1.9859815097253006	2.862640215075633	5.3821231972008885
Skcos4722	1.8371382178224935	-4.434556829894683	1.3843923488957748	-0.4685439350215079	1.2413990522739582	0.43895323140611636
Skcos9299	-10.623265493903698	-2.651895303918157	-7.084792704019937	-2.098206636186557	-2.003450472403852	-6.853067048035578
Skcos7183	212.1014513577468	-43.262187901391975	144.7198433669361	-140.0355573921077	-787.2967192213554	-71.94458151943796
Skcos13450	-8.246270054139705	-4.350038241972089	-5.180813796401536	-2.054002459399583	-2.0510200641978775	-3.910491899778431
Skcos21184	2.2158308846829113	-104.22819766591769	-3.8858381824729995	-4.539868644893876	-10.233170957720246	4.210168490013986
Skcos26094	-23.046267296326963	-8.974909131445989	-18.34853265058658	-5.607456345192079	-11.99572411284291	-3.53980751008377
Skcos23320	-33.13510857170524	-21.076147746689326	-21.45676470499238	-4.9526198013184235	-6.9167988313290385	-17.703939375806968
Skcos7819	22.25742915387615	-84.36896767328666	15.062414535040336	-6.8297426026855925	5.932005033864399	15.548376005443378
