geneID	S1	S2	S3	S4	S5	Control
Throt20102	0.3648549706575247	3.196527047305647	0.5573813887200099	0.8278843747031869	1.5583045438287115	1.7942688669788018
Throt8569	-0.7051189822677922	1.3873003947528262	-0.2908222266940536	-0.5729628178130767	0.06069229582089395	0.269234285997541
Throt6553	0.3140531924537859	3.0241857821623492	0.5369212333582993	0.855525722743237	1.4592276317260338	1.7174298602604228
Throt5599	0.2256505170142546	2.8894767121598672	0.47052598163547127	0.8222602104144178	1.4304407348188142	1.5914867327652933
Throt19446	-0.884999245493539	5.293759871381236	-0.18475262347472907	-0.0679167257508459	5.021986299807011	2.0068904315278115
Throt9675	-0.6072268857065465	2.873189072474547	0.7430820089053889	-0.7537365440049096	-0.8877522993035385	0.607228765962827
Throt18374	-0.5732655572489562	2.9248267452793884	0.8581193557434895	-0.696930588182162	-0.7698169455256157	0.6598525606075779
Throt18375	-0.4903218039915907	2.698075946660438	0.8247753422269044	-0.4769729392113532	-0.4903184471698136	0.6732399012443937
Throt13664	-3.6299641127523565	-4.395118322232732	-2.328284392792163	-1.9745695023002665	-2.2513132281920387	-1.8804654275641468
Throt9775	-0.6070277639639236	2.6291232968833365	0.7770969461028177	-0.7777558949758239	-0.9186367606419769	0.6700489489939971
Throt16093	-0.3950472369846502	2.756484493171442	0.39227520724030523	0.541859612254375	1.0765766041408655	1.1946288400292602
Throt2780	-0.7942220568255067	1.5705881735747196	0.6446867374800431	-0.8412448972671412	-0.5076313033742347	-0.3255642161465002
Throt3878	2.8897819403924583	-0.0940100145949233	0.5439173466879735	0.9216460750420833	0.11763956181396494	1.0574037716661562
Throt5264	0.1330122981301533	3.422298029200953	0.4546274300564923	1.6727935769961237	0.9164838339046438	1.3110566329347617
Throt19196	-0.5905179448733623	3.1074280327339356	0.8666077325764832	-0.8089000281115666	-0.9460880858675942	0.6423432858584291
Throt16469	-0.595129113379733	3.502191915879658	0.891964490477454	-0.6307172476820819	-0.8052617571959652	0.646951638781811
Throt4028	-0.19469789677617197	0.13009798891882463	1.068657859912096	-0.6506613516941477	-0.6506613516941477	-0.6506613516941477
Throt18577	-0.7397955037516042	2.706822148694466	0.8240257565735947	-0.8407918280385224	-1.0010542559421494	0.542768992140256
Throt2958	0.4313047821042947	0.12484943428621871	0.43333662253214006	0.34636735652871536	-0.1186162883055631	-0.2559156438160608
Throt14073	-0.03033566454316235	2.3297850583959447	1.0436226399342179	0.24025287409060428	0.6937357299456705	0.3631775516255158
Throt6782	0.05656388446977567	3.282604815889447	0.3952341459209642	0.827660703559904	1.4703112918880568	1.565804448000352
Throt60	4.390272804235413	-0.018036768516932523	0.5671628102174229	1.219236536231229	0.3856028257354789	0.5203860402210204
Throt5352	-0.06344918869643434	3.0342987033257467	0.44189744326692926	0.665987642604751	1.3402851521501096	1.5535016947937088
Throt19805	-0.43987608608691914	2.1642494901458416	0.7888604644455568	-0.7056904917575713	-0.3826092908838903	-0.1810385659473637
Throt19804	0.5681445595818964	-3.2768491163571123	0.7310613185155868	0.21038606468910978	-1.6382224300206796	-1.9688983758279077
Throt5357	-0.5423286092768429	1.7568629545530936	0.6495934777726188	-0.47584839771701853	-0.5797676915143986	-0.20916428902077616
Throt7714	0.5592317053940071	3.5490851606708764	0.623429000542404	0.8166473995269219	1.611533297039406	2.084889104541287
Throt2156	0.10321057457496913	0.4649428577667018	0.5991426660349334	0.6104879078235554	0.729765701047647	0.620695016195391
Throt11800	-0.8032986971147087	3.075038954097664	0.8063091161621248	-1.0194572734272105	-1.2033240425060923	0.5920221207593406
Throt3411	-0.7358198674662761	0.9861516209431137	0.3094351416143376	-0.4218394222404789	-0.44663548841299316	-0.6981392524670608
Throt9995	-0.30461017726751144	2.985616219146866	0.38224829886820627	0.6988566682572172	1.3431176954077948	1.2269520797457212
Throt9577	0.07328061212194248	3.963843547745475	0.5583701054400515	1.8849691960088042	0.8669149928006412	1.5978647720917862
Throt16948	-0.6108592749881904	3.927272635508771	0.6323556804252067	-0.40797838961511107	0.7097268651806389	1.0096090889193317
Throt7397	-0.7858465704911202	2.6394676219061073	0.6721658282100902	-0.9450014001028069	-1.1019879039051808	0.5856692496072075
Throt9546	-0.5974934103031379	2.3119729859811513	0.7325294901588242	-0.7797540929988174	-0.8793448632049896	0.520389985541003
Throt18836	-0.7764789364592857	2.626283406914367	0.7137892967584674	-0.9696280222369464	-1.1289159503488284	0.4738185539017417
Throt12141	-4.929462680448593	-3.827195737865234	-0.8781586329862411	2.733917015607156	2.733917015607156	2.733917015607156
Throt18930	0.2132123547791039	2.818434319259426	0.4848306115724672	0.8411809323607109	1.4004931229618487	1.5925690228231189
Throt19033	-0.25129020419141734	4.748026667999068	0.835294665893465	-0.5657223058006744	-0.5704568643198107	0.6747129704386005
Throt1475	-0.6958111705652691	0.8275072045563847	0.33961016187853965	-0.600661807256688	-0.5294167601392862	-0.23846342425577402
Throt7398	-0.7771531761908357	2.62115060491856	0.678854814989272	-0.9382015301441552	-1.0946391974207235	0.5809310598626105
Throt17591	-0.7744947303400533	3.0316588389774397	0.871536988900257	-0.7763327948044296	-1.2420147875669827	0.46531624596073423
Throt11172	-0.01882581795173486	3.7889004382071145	0.5086313886537157	1.7674578772629475	0.9880059672138369	1.6380550944349244
Throt3678	-0.7825661377882893	2.0610444310966995	0.8220162325061058	-0.7180435254165534	-0.6195394180845263	0.02900358226216687
Throt18178	-0.5229850533513755	6.384084799884764	0.2098294007669282	-0.029346847654499922	5.291475246624971	2.4217787047114294
Throt15001	0.6927555104064179	3.0644760240912428	0.7036636308193238	0.42955441690421986	0.48090109640817	0.4663086802872572
Throt5990	-0.6353023205123104	3.0435810020886738	1.0014095641998402	-0.6545576588767666	-0.7267826762334495	0.8792459666969623
Throt15173	-0.5383155562164026	1.227592129261585	0.6030353300950175	-0.5527534070613199	-0.39848055497279344	-0.24760619269879813
Throt9910	-0.28994189040329005	2.7534953618318974	0.8125139482938986	-0.2191477734164925	-0.18598861529081254	0.6739881478437375
Throt5185	-0.046181197220552445	2.772255262665988	0.900458804600054	-0.11245452484021128	0.2917214223489558	1.0139111247649422
Throt15508	-0.46487109850233754	3.0803682945711586	0.8038268385899298	-0.6490006992346211	-0.8067008915024526	0.5531627542034464
Throt15509	-0.5505829634250965	2.9448889580952455	0.7916337966683942	-0.6566416711271832	-0.7703373403090187	0.5971454340078163
Throt14457	-0.6129990965000718	2.40275914169466	0.6301501678157316	-0.7425932560488555	-0.9321279549840615	0.4462667017199691
Throt17650	-1.182198477689897	8.39062356453547	0.6149447383676889	0.5839251116243115	8.039376139259222	3.551706157714323
Throt8340	0.36825190735238367	3.3076082999640266	0.5353146674235483	0.843722125631493	1.582212887528724	1.7951244796035888
Throt1014	-0.09302695963508383	2.59278058105941	0.45722169980929633	0.5583169606997624	1.194791714858353	1.1612596920505556
Throt17494	-0.11163549208264939	3.2749405601956303	0.3553381219721909	1.2219521450252153	1.0329902568502227	1.3904909497567173
Throt16517	0.4264226154434781	3.3341075543387864	0.5768732510334262	0.8425179155318653	1.6152633488541202	1.8839461758150742
Throt6189	-0.05406769016214098	3.388766256797752	0.4364941132167918	1.7791900075513625	0.7104585772901993	1.2197631906187196
Throt10362	0.9990510910890051	3.195164278686968	1.403608315083514	-0.6919008310742726	-1.492084008671686	2.013607245834734
Throt20807	0.12267980321324876	3.3604880616389834	0.47725352091073797	0.8588942808710275	1.580050454123005	1.6880927921898543
Throt19284	-0.0644124806373095	3.0610734771417065	0.3698894569527264	1.5175084676937682	0.81220828679706	1.1251147060507543
Throt13365	0.6540510383055668	3.5194845451765304	0.607553608974937	0.7784047301334436	1.5349513071057062	2.052896837986851
Throt10653	-0.9433350837835972	0.051793841579477806	0.1272892573344731	3.4931230883223265	-0.6621505711755665	1.6366189849916293
Throt13217	-0.7065511322931777	3.124316283418438	0.5978278708981941	-0.9084946272462012	-1.0683463514483302	0.4293770964694921
Throt13214	-0.7433044445449458	3.0875044325338337	0.5102487059610372	-0.9568465203739012	-1.0967361292056301	0.4491772282982687
Throt18929	0.21304309645595534	2.818636455233084	0.48542050060681224	0.839612209841055	1.3997727086687524	1.5907940115682773
Throt14843	-1.2769603345763478	-0.2855422486928466	0.4663774967236896	2.6600334739588507	-0.25826473981062703	1.0280345674624904
Throt7269	-0.1792699422603782	2.839887641567909	0.40315778536111824	0.6564347536799728	1.3005292168523035	1.3382112741247514
Throt7475	-0.028266510698015782	3.1744507921985323	0.4451481907152385	0.8597060847170577	1.5086193094199323	1.6021761822733354
Throt5698	-0.011158743440695462	3.3949739615698244	0.46990119175558775	1.8578142486825187	0.8233255463220148	1.2721477595041015
Throt8885	-0.030290721901389997	3.292535878853122	0.38786848090613335	1.6041257987149529	0.7657640717967052	1.2468015663883678
Throt3544	-0.5052023830414223	2.6817245671053254	0.7382093838367525	-0.596505398262766	-0.8239706181439522	0.554635985217982
Throt12663	-0.6051215988964955	0.6799918263404677	0.26512609873453846	-0.5667424407294513	-0.3728173719794723	-0.5584245262258681
Throt17982	0.1113230142870078	3.047368684282818	0.5897976846895147	0.7771401938639476	1.3708222198440525	1.42999136537248
Throt18670	0.35387634686189673	3.1707541789164315	0.5400685272587937	0.8899775118756788	1.5880746332983675	1.7804548350233778
Throt8839	-0.6303793991873009	2.3362503203741634	0.5849440503051985	-0.8109323539428743	-0.9330389668443065	0.4869005548475502
Throt1653	-0.7485916398388521	3.0382119001975205	0.8084294436603894	-0.8986434509889074	-1.1987795081000325	0.5024518643400818
Throt18156	-1.423606225747547	3.5605255551681756	0.9856509650372184	-1.4623578330837694	-1.9212830268560985	-0.2931479685003423
Throt18150	0.17393526304956214	3.264115374836407	0.6060696585644222	0.4719066833293184	0.9825272677255346	1.385244145890066
Throt1638	-0.49228076104338536	-1.4708729850291868	1.237864287508418	0.1955662272382018	0.7396880089144233	-0.25345693906317096
Throt7363	-3.0121037426800186	-0.2057532016932708	-0.43526039551564427	-2.0102334763372687	-2.7412049120384907	5.941212226552729
Throt18394	-0.801340227026299	1.3117168220816133	0.480186292032869	-0.6830259734922438	-0.5096091117433796	-0.1267106841288571
Throt831	-0.4156143189824771	0.21643870384740374	0.08788317240404211	1.0718931524332036	-0.6357387818110442	0.9548348548755818
Throt1309	0.12042382846592643	3.0922132292116142	0.4554752265046957	0.8549544033066647	1.5099412222014879	1.5851199238832554
Throt14091	0.3829838553068547	3.070317945186043	0.5384398070773495	0.8124658941187182	1.4327810662523983	1.7946721305681954
Throt6777	-0.18656912081870877	0.9775710782624111	1.0296345934270408	-0.3737974312791099	0.09784115666468614	0.048549947395467065
Throt92	5.564955557399381	-0.26560447335049564	0.7141975529925245	3.1832342040001453	1.560845462794927	0.15731311637989506
Throt17739	-0.5753026201947885	1.095063414459376	0.5771545103244736	-0.4506528796567115	-0.28277310563065405	-0.4193840246363207
Throt10585	0.22035943327101315	3.3750202322190646	0.5768293731101176	0.8461100152155848	1.6248897968335414	1.966536701330174
Throt15469	-0.9292503913506063	0.8856678463957629	-0.5048908983582502	-0.6771619633206396	-0.580343227302439	2.4560761523888366
Throt13170	-1.2135724708450624	4.247725958144693	1.4872626526957613	-1.6417544398032953	-0.5675734190297299	1.2112441703181065
Throt17561	-1.2825717376089596	1.901201125036063	1.1245804971819142	-1.421658284380565	-0.8732170524285224	-0.5339627746575639
Throt17355	-1.0227172791666905	6.699257404816548	0.5803476955679189	0.3050462850095487	6.453848827697651	2.529675597078879
Throt13512	0.330983526419331	2.791706398582962	0.9298813825582664	0.03575949082958396	0.5007945640857032	1.4180159804029604
Throt6927	-0.7399760644354157	3.390078819397262	0.9381080164249379	-0.9031708588553181	-1.1900699678272946	0.6509625269291968
Throt2878	-0.5627975934310212	2.6832447008137152	0.7078566917013623	-0.571619350520168	-0.8019342812937399	0.5845212784711022
Throt6840	-0.6497416670651815	2.591750682643725	0.775939742168519	-0.6999395737950693	-0.9831143436662068	0.6534047783151128
Throt10208	0.29032706371226297	3.2434213784767154	0.5332136592230518	0.9221830860506305	1.6163193587457827	1.8024097397990169
Throt9263	0.5889235706263525	3.2636779338510498	0.6056509154109804	0.7793021168798948	1.5019571751661969	1.683524753595436
Throt9262	0.21407797530512504	3.1307158651066684	0.6793963456569249	0.8327578208378512	1.5417346068150566	1.626876054626709
Throt9264	0.37238139790264774	3.2640686786159216	0.6329730083751689	0.8278498652819024	1.6190784745399966	1.5365221754076255
Throt20285	1.208496820017641	4.592600253228473	1.8829056596480964	0.49870777124125915	1.118010216833391	0.6059206333798972
Throt20284	0.3000045018745038	2.9842671085907155	0.5137206914186705	0.8793935760032217	1.480823391167229	1.6570331817219377
Throt17627	-1.4141247563925181	-0.8682084429628806	1.8757366826788473	-1.8529579790279174	-0.8457878742094357	0.8905755726214717
Throt17562	-1.194141154728173	1.8526965430634421	1.0524568433694508	-1.284307775355907	-0.7412675061131597	-0.42185243271849265
Throt10622	0.623723613927847	3.101355933131872	1.73591289841565	0.10033900276563906	0.19225572555192544	1.9304793486004037
Throt11553	0.6359710449581076	2.704102027514121	0.8300053902172075	0.5186025090320951	0.256377538163113	0.9329127386649478
Throt17080	0.1963915094722288	3.00300352387751	0.4707899774281503	0.8756006289624241	1.4736093901577483	1.604836054976957
Throt15912	-0.29854809008973604	3.0775350003351387	0.7425528121700182	-0.3978267314224513	-0.6371089023436758	0.528777276135426
Throt10707	-0.4776943646790693	2.997644665624686	0.7763596989643621	-0.5984090466208984	-0.7952830710211181	0.5572639350048698
Throt1914	-1.0273577177624755	6.857869521808989	0.5377583180972225	0.5054730994956755	6.8925803026403045	2.5901048584954665
Throt7775	-0.06694929659569636	3.388191317232361	0.4429020432618933	1.836914310571642	0.7671728986508013	1.2827462746880367
Throt7774	0.29820082150413624	3.3667733066547947	0.7072488548936443	1.684334623356249	0.9716267843902844	1.3576989466366445
Throt9930	0.4869784204710678	2.9399739088107926	0.4844359372663785	0.7649793689208166	1.4430355259887535	1.707919943367352
Throt4594	-0.6229118374363466	1.5642437190129226	0.5412605067888179	-0.6342084998157445	-0.49927673851905663	-0.200400083703259
Throt8296	0.8315263182511996	2.9146107117658024	0.8799681017625525	0.5328910419390326	0.30606849048287244	0.9626544402331649
Throt16099	0.41865570733228635	2.908607681103446	0.49375231463563174	0.7555145370379454	1.390098999167339	1.6417750137868399
Throt18859	-0.7635237131154	1.4800961042382437	0.8251596135742355	-0.6999569512780174	-0.42832463405309196	-0.2918591211697256
Throt12652	-0.6025688119611051	3.7117984149519105	0.8365867439787347	-0.7337902156728762	-1.0590612658770684	0.49940637566219914
Throt18622	0.059268348133551176	2.8805023578024493	0.47864116495170944	0.8387155395380146	1.337347625756093	1.5677028340655617
Throt16651	0.19339523831547167	3.429103035646022	0.6401586803265633	1.3799981622234165	0.9987018956244872	1.5120660220389956
Throt18519	0.08894409611316717	3.352342418263295	0.5176532180287036	0.8567006040539047	1.499329642102671	1.742130465573853
Throt11120	0.34029495287868194	3.0395470798895867	0.5114725240990243	0.8519611846012314	1.4588316808364008	1.647965308290318
Throt4877	0.3475349229704714	3.322376557289086	0.5305950444468276	0.8140689247488354	1.4829382877809167	1.922255322982575
Throt7213	0.2095495950947682	2.7084673423155947	0.4854992468524723	0.8066403790237596	1.3424339609951248	1.52632414287151
Throt15015	0.1633671578237404	3.065027236346916	0.49744589887719554	0.8812289053594791	1.5362064573729781	1.6195514714379238
Throt10136	-3.808406924002595	0.5119347872673626	1.862363102590491	3.2161718451788195	-4.072246060011808	1.1831374936068086
Throt17140	-0.4120863543879765	2.669662184944775	0.7440604130731704	-0.27281544374351635	-0.3261824353044903	0.6266636924973912
Throt14303	0.5151999554431099	3.126899614598878	0.49523168145848157	0.7210054940806759	1.4588881705420702	1.7406401905386573
Throt4872	-0.313227460891451	2.145118895846485	0.7312281849211032	-0.32428138892543784	-0.44153377419566814	0.5297071929350012
Throt18543	-0.3822370876636971	0.8768717526651242	0.1776828665415782	0.8548863939897691	0.2479678884596492	1.0149293096589092
Throt15493	-0.9827224993436596	-0.36817305859534605	-0.35964160395757844	-0.5820179289170517	-0.99006672129539	0.6738585646435472
Throt19992	0.3221659542497199	2.9598236876508364	0.5219766888665001	0.7966616149565259	1.4085672216356773	1.7026404639261887
Throt678	2.6763130658808585	0.07784315503042584	0.44198184993979783	0.87838210544726	0.22525623356290467	0.5943538709117167
Throt6934	0.2927886799164296	2.845059135664846	0.5054558108574055	0.7844454412380218	1.410743085238147	1.5886978692732687
Throt8369	-0.6233227137788725	1.0853195468342416	0.38342944251900696	-0.546753206500312	-0.33561771993094874	-0.22890582976746215
Throt19309	-0.45814824348687505	3.022225540971623	0.804700024433294	-0.48670625382909943	-0.7083384957360861	0.5557726481405989
Throt11864	0.48966748291337037	2.9841838077354628	0.4933414089738659	0.7375573391054497	1.4089630437765195	1.649611055044565
Throt11923	-0.9570191898279913	5.773361680325815	0.4728081147855202	0.41774627498748207	5.405327499556937	2.461809005242226
Throt8206	0.035686090849772235	3.1421302659603896	0.43004952211909175	1.5573693346224227	0.7613554140313871	1.1727631125514668
Throt13114	-0.5252120377863668	1.222678681794409	0.5280712793972653	-0.4505619271836516	-0.2807166129734334	-0.4148174119282226
Throt16282	-0.531607045357303	3.328605380181574	0.7547116531147248	-0.6865509752647594	-0.7468867927318016	0.6382401171243126
Throt14142	-0.2949211890744699	1.9727071612916418	0.7411862395627594	-0.13517491475179907	-0.018207708694409186	0.47913015738692255
Throt13100	-0.6737727795255503	0.46805934549687117	0.4508868559443297	-0.15306671200861854	-0.5114319761841771	0.3120248422265641
Throt13340	-2.6165428313447863	-8.74525034495772	-4.32456083506484	0.4401089796535954	-0.9574004117504192	-1.9841705905669214
Throt13107	0.3217303962115171	3.0504771154087273	0.544299292907757	0.8027724754072826	1.500343366975811	1.665238102066737
Throt13430	-0.07390498091099407	3.3927039914821573	0.5076307486756244	1.5610433137940891	0.8085322086579008	1.341936827991793
Throt16870	-0.12776430020827007	3.3509552839719308	0.4300269050800369	1.7543213231060666	0.7367001993049749	1.2725506471407297
Throt6282	0.2934646230761216	3.7721033436067457	0.570383551729825	0.8674206336695418	1.8447755133171218	1.961435245683057
Throt10938	0.2736320811789257	2.796831409955012	0.5172425142223495	0.7297736720441274	1.3206093968662582	1.4721710426290153
Throt11858	0.33453369203822053	3.1173241461742713	0.5598581797720996	0.7971302664196371	1.437608627392081	1.6742886031378985
Throt3192	-0.654853485745371	3.3991091597233587	0.7492179608724908	-0.707378515561128	-0.9503637015225114	0.7212797301194107
Throt1423	-0.5011734173111658	0.7263455495787894	0.6433928960973404	0.05947821360774441	-0.4963670418817922	0.4615073066608285
Throt19469	0.3405256825832612	2.940113702967313	0.5263775772953359	0.82916107159797	1.4636257152939405	1.633010766418243
Throt8757	-0.5677225453068016	3.314987441534849	0.751725301208262	-0.6810308734268218	-0.8168223413297414	0.4773885154064272
Throt19545	0.12258342963743203	1.584493180090566	0.80816110320474	9.187377804058517	-1.9157903024685357	7.776823326784571
Throt16405	0.09208576745482133	2.1959132124515754	0.42433575719374506	0.010456388199844768	-0.18047061582611962	0.5461913850295406
Throt5165	-1.7649052871587863	2.23710765666826	0.6848036586680144	-1.5174997802453611	-1.499857559167409	0.7648401755850741
Throt11297	-0.7368789105199504	3.1167149701487915	0.822806173364055	-0.9240756894556418	-1.2723877515633377	0.6248812738264911
Throt9054	-0.5592707594403636	0.31696446888903107	0.41233915099002266	1.8357639366396918	-1.1521336115079324	3.1173306173351865
Throt12421	0.3502699743366099	2.9539504284472846	0.5172467866727308	0.7997455661758396	1.4316263980565838	1.6730561054190576
Throt1751	-0.404448737782209	3.115588134776147	0.6506550483601355	-0.5644613868593813	-0.5505413975409922	0.46727849384391956
Throt6693	0.5410215832847949	4.0204139257336795	0.8059466772106401	-0.2810177506081567	-0.5888414895410471	0.8109692204721946
Throt19529	0.3822507436191772	3.1358039438841274	0.5611798811775576	0.8225646332181612	1.47929951409182	1.7714425134222895
Throt5263	-0.05416870116271748	2.921250943969481	0.4929618186845359	1.4736815254539244	0.6892100935408831	1.1757776025106763
Throt1754	-0.3489202658333477	2.5963062866986863	0.5581315721656422	-0.009939172490320473	-0.20544871549692909	0.6288645926552177
Throt14889	-0.9094954019028436	5.227625574034316	0.21017384141079046	-0.2507685784302236	4.953773951852556	2.321551464198483
Throt8377	0.3651239101778958	3.2858974574521636	0.5315187615209326	0.812599264119466	1.4521051201152848	1.8981948834067954
Throt4146	-0.890197547970062	0.9057732053642725	0.4947862621768836	-0.7344550890224231	-0.5439203721481204	-0.4316901901215207
Throt8372	0.3753014443053819	3.3955671159471206	0.5877612322052251	0.8729369720160326	1.5804544501332418	1.8739318704082957
Throt3628	-0.05719374865472251	3.0193209491981334	0.4485648735146091	0.7696645542357855	1.5076727416846882	1.554633706105376
Throt11934	-0.023725022318953272	2.9870568386379737	0.49051569187180005	0.7988926229967903	1.508305374312214	1.523831521831992
Throt12982	0.5938320699389188	2.671179527851431	0.8435944866214921	0.6033488432731209	0.2783728939325166	1.131191651800327
Throt19486	0.2436479155171891	2.8479777108261795	0.491659398288414	0.8398471327144718	1.3931864719741454	1.5918496468404846
Throt15570	-1.118715471477747	1.11406434658645	0.33732900615827044	-0.7276916908451901	-0.726497753254516	-0.37632741214456417
Throt11847	0.06728723438219979	3.272703879432201	0.48812070030682214	0.8759659137378958	1.5728717027488763	1.6468493584631714
Throt15572	0.17615169028770403	3.065406446046868	0.44297993153102194	0.8996097846438832	1.510349894764696	1.6239671575908372
Throt4770	0.40333784960284363	2.9157343471875885	0.5060356672808187	0.7702797677562319	1.4184324919045148	1.6775128412897948
Throt7950	-0.1411219499096632	3.3339762117217617	0.4241128656120103	0.7133117695651614	1.4593438499088522	1.4720867323969102
Throt16114	0.7094731115393971	3.3298417543310133	0.6667410294538868	0.3269845006096226	0.24309783761559478	0.5441433212048633
Throt16404	0.08816358843932603	2.198292749857451	0.42290036064327563	0.002280294714234151	-0.20775703082588182	0.5245856989465151
Throt7617	-0.7951681090305706	2.758069071534622	0.6830036927767481	-0.8635119055793988	-1.0606505691782797	0.4982794191953258
Throt9335	-0.688599060256379	2.6232948101501457	0.7879968523210282	-0.778640914113087	-0.6805533887005503	-0.13340006838364568
Throt13541	0.26899269514872715	2.8561485519848926	0.8248615977295253	1.3329982898936346	0.8302436085326625	1.246989296180712
Throt17335	-6.738436908709582	3.63221995408808	-0.9632726643622531	-6.17151161905599	-7.428599342882691	-7.507098254867801
Throt15454	-0.5501470942291197	2.832289195593886	0.7349801800111394	-0.6731642679311837	-0.8522408881588626	0.5671237123837221
Throt19396	0.01740377949445499	3.059532954194367	0.4156516400120946	0.7580708184137305	1.4563537477658168	1.493666601538703
Throt7429	-0.012314029935628355	3.264793116187063	0.4260279800325078	0.7675322065518907	1.505778919073578	1.539914725068497
Throt10794	-2.0861269498693047	1.3209707977590173	0.19401231180763065	-2.260480004194453	-1.295488801528591	-1.5452768291855183
Throt20787	2.33845191885984	0.22490521274055247	0.6482615482541652	0.5027741018817482	0.07630019632013917	0.5348116263863076
Throt17500	0.11039285212164644	3.188355720334989	0.4574740638569905	0.9255360944908668	1.5477890291229883	1.649207121410373
Throt10068	0.8708664683414199	2.968459701611588	0.8600263325117661	0.4885232955529033	0.3298473580867689	0.983959862909394
Throt6315	0.2039261538461535	2.641110551152243	0.3305261883503079	0.2646339830524683	-0.005554091641048278	0.4238735177865611
Throt3537	0.30115925469031163	3.1392851501962658	0.5318088174606098	0.842196183866906	1.5218946711526287	1.6351225100192348
Throt5438	-0.05024390348572456	2.4039088673436058	0.958560771027584	0.17619164932996395	-0.05504440910571603	1.12341669427024
Throt13719	-0.8303917667114926	0.6348083087783603	0.8666102346120581	-0.46507899585965445	-0.6378506750765757	0.17450089861193263
Throt9812	-0.8429814411379785	3.231451096996879	0.3531130944056622	-0.4958979851676587	1.3519480392992633	0.8651928245587421
Throt10117	-0.6672842785289098	3.014603945881623	0.739424156691153	-0.7172573300872551	-0.9618788898191842	0.7260577666449436
Throt8943	0.7594151310299478	2.7728342813470843	0.6811915472453277	0.4246534852632989	0.18541872232194492	0.926448820112774
Throt14530	-0.6808791453371912	-0.2055557913879384	-0.24316558789791662	-0.6462529726791121	-0.6384634234623107	1.2623116923139177
Throt4968	-0.03624147692307747	2.4512642781875664	0.5139642185868427	-0.7638050153981534	-0.6913313131313139	-1.2373650349650362
Throt13653	1.1183350786457396	3.9677872529190386	0.9679423270271725	1.10657333360588	2.5483308502563022	1.6707190084502206
Throt16947	-0.44119819862817583	2.819491108209894	0.6952975017636339	-0.5544807464798962	-0.7396864258014766	0.49014825067386675
Throt18449	-0.5584086163428574	3.243282897537392	0.8195303221442815	-0.7307100467562396	-0.8850638455538467	0.529595883860808
Throt3921	0.9068238324918914	3.750908725793468	0.6671390001348831	0.2676576498787252	0.00877455114794949	1.2306393275482945
Throt5891	1.0	0.8500065858798735	0.603637312913331	-0.7534645842498899	0.5207281144781145	1.0
Throt10424	0.0017442410318394361	4.744700985170117	0.4416249264279094	1.6755837543738055	1.3865319207643858	0.8565448541493001
Throt13325	0.27815097915011416	2.8993905530093422	0.4947363588845605	0.8080552426609634	1.4135206438184398	1.7382928761934466
Throt12453	-0.7892503991024601	2.594716775374156	0.7061843379813701	-1.0278940355678723	-1.1145677379883565	0.5163274231986053
Throt13415	0.14701202686003925	3.203680201011531	0.5438579737095618	0.8523878689013654	1.4668660889864564	1.6924870774961893
Throt19638	-1.2179541502592703	1.0979480561339947	0.16291736211214772	-1.1194944442449988	-0.7562776139499411	-1.07537862542931
Throt8490	0.11242276420383937	3.311871125253187	0.49308661126361264	0.8771363854737838	1.5429511946061174	1.7727219329286017
Throt5553	-0.46221476145758145	0.08440616035330595	0.16599791737502467	1.9186876757627274	-0.007921863829174626	1.077860250836752
Throt17590	0.3983357835509943	2.8069298247173773	0.49137908814455744	0.7672231317224605	1.3624661043605566	1.60473173763666
Throt16103	0.37851595971454177	3.2898474611418957	0.5845451382349909	0.8252293466672149	1.405858804527212	1.8224010839765472
Throt9011	-0.6240298343581379	1.1017550287820292	0.43118121018883565	-0.5457598537254997	-0.36141808730511826	-0.19931811663051444
Throt8059	-0.5458378455513365	1.423229114953575	0.577616182162614	-0.6147646293077875	-0.38257420950828963	-0.10404439884835219
Throt17051	-0.7103230463542083	2.3316485594249703	0.5733434166820608	-0.8665275856142015	-1.054256737865166	0.4783503150444585
Throt348	2.318184295362745	0.0033242225318367074	0.4770895117651816	0.7542235054312014	0.19742651401426847	0.7500344442741265
Throt7845	-0.6413863831697443	2.9969801041531072	0.8370614184459528	-0.7856516947318347	-0.9386850616702083	0.7037134605648316
Throt2091	-0.36103660431297036	1.443035671263524	0.4062072627610935	-0.618635382795765	-0.44064524012942413	0.44671216546799153
Throt10526	-0.7813189350292026	2.7271220135076044	0.7692652302432867	-0.9743475783439141	-1.1581621915033036	0.6022165391689992
Throt13128	0.530173373642911	3.1503367236668294	0.4943874433034484	0.7072375574949638	1.4607401726194094	1.7418463133420263
Throt14803	-0.7523946290927668	2.433840357996266	0.6826996990179548	-0.9461836295226053	-1.1524554636442492	0.6805092503823381
Throt13259	0.18155272890898463	2.966927475903703	0.6395911584241858	1.1636288698734727	0.7723141173720239	0.9818215740601244
Throt16189	0.3994434296865244	3.8199952074828722	0.607986703009453	0.9916136036494497	1.7121922049537694	1.8346922574008444
Throt19911	-0.13229407157275042	3.2362644401499265	0.4494744557468251	1.4743121353631488	0.5876259596612134	1.298620189605208
Throt6054	-2.659417127910337	-0.23765209285383002	-0.4142928169228817	1.1931033244101512	-4.234516615137267	8.234084950141858
Throt17301	-0.5177161433651457	2.7951002615295435	0.5099577371971569	-0.06113432897963774	0.22963603258643853	1.098912619071703
Throt19910	4.068526137352819	2.8821091415621347	4.245499834465471	1.5824492246159765	0.42453119641922493	1.7161740879727776
Throt13339	-2.669830852626046	-9.5910975419255	-4.239124426719008	0.5527339924488351	-0.8434402950075831	-2.3332069768553403
Throt4940	-0.5890918904562611	2.6014221392833234	0.8468142201714378	-0.7661448705455899	-0.9018208762458915	0.6195077128696331
Throt4769	-0.16906786715165117	3.0496627748772145	0.36859042841660583	0.6364086987659519	1.333936552265482	1.5053283430343218
Throt9095	0.010080578131100634	3.8372255058877345	0.4549346543998216	1.8914276798407499	0.8957415220984191	1.4325075232022828
Throt1676	-0.035639642387766325	2.9639405995133687	0.4762045835201212	0.7663694202631641	1.3533094423443213	1.4222123972925451
Throt7339	-0.58041074914744	3.110642653847274	0.7945042205984295	-0.7044404958421341	-0.9167795222379458	0.5826047103578569
Throt3677	-0.24520166259058193	5.171687697002113	0.4885129131809615	-0.291338048790928	3.6399515410807246	2.7117965070250385
Throt9590	1.7821943838412266	2.448747001707387	1.8366951599091643	0.44308993076366054	0.19536696255017394	1.5367143530455514
Throt3449	-0.08691504349466185	3.196226159780259	0.38247050693913853	1.7419394569836957	0.7412986544901682	1.1444146582699377
Throt20361	0.10291036742997794	2.9749811700360502	0.4500565963334271	0.8833053343020423	1.505413116654382	1.6199701998446396
Throt20127	0.31603684885820826	2.8526146756813726	0.49238127490635003	0.7848239827719139	1.4022148929518887	1.6210282659559938
Throt9825	-0.06684587316246893	3.7397190937510043	0.7968553588963952	-0.33710548751711633	-0.6134634766899231	0.5885024490275311
Throt12876	-0.11582877555839108	2.9206994545024982	0.43762660486440436	0.6498154382329137	1.0888169951466455	1.355612102378399
Throt11211	0.10665071005824314	3.2529510002735376	0.539581613256601	0.8397926958699317	1.5549084223342529	1.5863865577391243
Throt6874	1.108709512833771	4.170203541521778	0.9000506670514087	1.0932510980807437	2.514590089824371	1.6462674181791712
Throt17120	0.3937423337267807	2.7346804934580025	0.507082783923824	0.7936098088531788	1.4028132846122234	1.596280854630149
Throt7376	0.1560770685020364	2.6069852108414673	0.7260333170523086	-0.039835243729084875	-0.1823953930877252	0.6455032020908689
Throt18352	-0.7919168547595813	2.90192208687354	0.8580005999414134	-0.9397663409872209	-1.223277679602789	0.6670765194179469
Throt19862	-0.6428331841737703	1.0260395209877013	0.37015179856220576	-0.6411752600160237	-0.4231358176307005	-0.4444596623805835
Throt15898	-0.9202276059121377	2.5611859739507934	0.730511437720277	-1.0431985866030558	-1.3197115957774173	0.48364678898151203
Throt14540	-0.942339080601831	3.7940188535056647	0.9543921176099497	-1.2180173500239921	-1.4309477905822614	0.7279511556803493
Throt11814	-0.42055201573340323	3.064058589758041	0.7891453145020781	-0.5242884934697217	-0.7585656268100133	0.5294788052717518
Throt3813	0.3547964559757304	2.93294206142118	0.49140990280431646	0.7336726760680302	1.38044375104002	1.6721460716301486
Throt17960	-0.7967811447565875	3.0439522580268394	0.7778557524005689	-0.9813486557781083	-1.091632621120378	0.35703595504007946
Throt11861	-0.6241257535278767	0.8932362342405177	0.3253057565580192	-0.4538674448043235	-0.33219469808372926	-0.4891385652848997
Throt4121	-0.6158781134239536	2.592354020383081	0.6532325635038653	-0.6946641397994977	-0.8579873216685641	0.5635676030598459
Throt17312	0.575812691943122	2.8529250862339945	1.1325191893928703	0.6771981050438499	1.4872527410738097	1.6363757857614223
Throt595	-0.4673495935198083	0.4030085809386029	-0.30218401340863443	-0.5129203077492465	-0.6809038079603558	1.3512261598643405
Throt4122	-0.24938511340541222	1.675620380937864	0.781491204166521	-0.3190331710129958	-0.2421356384185145	0.12931103380266618
Throt7528	-5.116649175551195	3.681662387209741	-1.003725509550084	-0.10407543904342688	-4.480765736008727	7.029951951634529
Throt13037	-0.604111642789935	3.09403741814262	0.8124344646619479	-0.7413176353032318	-0.8863244701828722	0.5771012993196573
Throt10516	1.0360652492734583	5.432062939980482	1.2081828655099418	1.5773533910857775	3.0655137884518053	1.8563490529966153
Throt14294	0.2449829524555579	2.9356694984666527	0.5120507298332679	0.8372879598506244	1.4670633478783017	1.588745795447436
Throt14815	0.32412224338453816	3.136416188757088	0.5265562867304631	0.8872534352168984	1.5213397481192856	1.7089299611210198
Throt17253	-0.46819235325332564	2.266086141234454	0.4323156107323953	2.247395333812817	-1.138973292725645	1.392125237083776
Throt15955	-0.8176529067698743	3.062736584916899	0.9597564292293846	-0.9822464123283869	-1.2366752495943258	0.6919691008850504
Throt15954	-0.8278357716048537	3.039691357164138	0.9240683730866335	-0.9829402962273094	-1.2281396306408965	0.6603586399332558
Throt16545	0.3523701048190814	4.345345915264051	0.5846711527805559	1.8487982262718423	0.9594204230056391	1.871962079467183
Throt5906	0.31107208776353745	2.5025497749182635	2.090205014417365	-0.5393714092598854	0.32231376511538723	2.0377300968716994
Throt17254	-0.4772356504476981	2.2465763627942263	0.44158129447153743	2.2234987317349915	-1.1335283580043864	1.3359922275877176
Throt8061	-0.6145833697575122	2.640963141512003	0.5054696780368916	-0.820356508638124	-0.9361208491663326	0.3366696510447388
Throt4712	0.28389602356732957	3.1952024185182473	0.5223341666351677	0.9021853892328668	1.5953292801544623	1.7633806811271378
Throt19950	0.3868834639548285	3.1876343793251727	0.5711773580006416	0.8385140583573165	1.505006637405436	1.8299943736706061
Throt4014	-1.0654456556168697	3.2862118872099697	0.6577725603765382	-1.219897502203449	-1.1880403464972658	0.7225830456116232
Throt17896	-0.6712170255722409	2.7292491524658615	0.6980661726587278	-0.8688717413363548	-0.9882014665364173	0.5482089304309918
Throt8638	-0.5382071450214071	3.008135198928101	0.8149951241124663	-0.6456640496900958	-0.8226509516340189	0.6342582391473538
Throt5816	-0.6078950458648478	1.4051088324674939	0.5227625484883945	-0.5018141087841785	-0.3670103724199554	-0.25428156435171084
Throt5815	-0.7015048262745431	1.4902301494628065	0.5042572015374569	-0.5624504592095809	-0.44506985292693263	-0.3113942345088896
Throt10745	0.5278751292176587	3.305586002551271	0.49607689386968395	0.6956399998104986	1.5429627450988332	1.8851189568899496
Throt16038	-0.6052542617012238	4.075812892791224	0.9782169368673468	-0.7981413806038437	-0.9621384711263936	0.9328999340702366
Throt18817	-0.1809999636427046	3.248803264533269	0.9606981283600431	-0.009985018081717043	0.30774869078649847	0.894208251911359
Throt12364	0.044841254718528185	3.907146806796632	0.5465464056408282	1.9301230486649652	0.8491383308575924	1.5791630217078994
Throt9939	0.1870161477076233	3.252177362842017	0.4790623108351757	0.8510532974991621	1.5331105660924225	1.6707255405167483
Throt17216	0.5077570285956077	2.707148228662693	0.9223101281155636	0.9178621705036286	0.48645822805576144	1.483019162535772
Throt11168	0.6378530584895065	2.3624797716164525	0.7995669058930621	0.5466528006447792	0.29525052723906187	0.8711353547980736
Throt18364	-0.23285238711113387	3.3476889472331886	0.38370465696931383	0.9496897654615909	0.9259965854150852	1.4422721295218253
Throt12651	-0.20687462633888057	3.5333112096249764	0.49004107111659706	0.21219620285572904	2.278811687506988	1.0189147973197425
Throt12499	0.6034004638237735	9.056237636930959	0.5594963685045403	0.3390121725429862	0.23404121197915684	1.8393753561196646
Throt19107	-0.3144656067824553	3.403295858442369	0.6951034726326354	-0.5325877643727711	-0.6390288524329196	0.547060159407661
Throt19108	0.2652389403564911	2.884512659243735	0.5083018084175125	0.8098536572846186	1.4124189910866536	1.6247587982918397
Throt9664	-5.563286302933392	3.4913316371955254	-3.280344880197748	-5.005662923433521	-4.80959968534368	11.536718709239478
Throt12014	-0.7691899101174943	4.141241554425619	0.987030759794234	-0.9608834162336353	-1.2363143802451924	0.7843156216723719
Throt16507	0.09517824535363492	2.9909548179322143	0.45773775143094997	0.8360793131319217	1.4693076229108395	1.5687396062992383
Throt15115	-2.126945447925727	-1.699707914582437	-0.9364761309677385	-0.8143658785137213	-1.7064053631237437	2.737139799459022
Throt12614	-0.012402875297852355	3.4475655716085085	0.5139950893275719	1.879898952241723	1.0094950543347698	1.351633870231351
Throt18345	-0.03180068198846242	3.596443656716277	0.523768516726292	1.8089981455039659	0.9534301782092338	1.3449997067110782
Throt13301	0.6939811610258049	2.52070393210828	0.6935941576075239	0.4678568010335247	0.32432990796576594	0.9963410779373753
Throt14439	-1.4680950090048372	-0.3098139811267907	-0.16322015054968417	-0.9458088330231258	-1.5700069088208994	1.55611775832384
Throt594	-0.4915688908385857	0.30709933352558716	-0.3396666121783566	-0.5399637881251028	-0.7200374219515883	1.310699485073029
Throt6767	0.2959333671017629	2.816431518778777	0.49987301560544173	0.8260269375091854	1.3838779090717737	1.5717939713519944
Throt20235	0.0674244795516601	3.9471117558155537	0.5191030323264473	1.9546003508001997	0.841304479668765	1.599542428766265
Throt14433	-0.03922991104979559	3.2987366183819806	0.4222680664034513	1.6499537177331367	0.8782225733908686	1.2655016374738515
Throt4657	0.4178508810244624	2.9090698296606305	0.4929552237145209	0.7543847970087368	1.3902174085418173	1.6419523248157177
Throt14431	-0.5680661395957002	2.5756894671842625	0.7634798832094967	-0.7351181061974135	-0.9041992438543094	0.5094772102969191
Throt5713	-0.353284034253899	3.5651495138828593	-0.0015807479716418618	-0.44747262226152296	-1.8896394799793739	1.3120880770529875
Throt14437	0.27215162247851066	2.8878679933658593	0.4947991490289909	0.8417593113386174	1.4140650474137348	1.585781782593188
Throt19185	-0.6242677394888252	2.552325656164102	0.7074836206715833	-0.7174241541841597	-0.8899671153776062	0.6145438403835591
Throt5912	0.8742265453404454	4.206385728640093	1.1586943171391875	0.6459902063085973	0.8051031177796162	0.7101533546466087
Throt15099	0.35584695926260507	3.1482901614919876	0.5419063024407067	0.8930167129475628	1.5659359881365644	1.7656112285011998
Throt13388	-1.256541659264524	1.3129423794829613	0.5943461321421311	-1.587907776701901	-0.5639980929386247	-0.7066813094526724
Throt12208	-0.21654874402817917	3.012538534671679	0.589499610301705	0.6606118594910786	1.3775862598077346	1.4335280660384389
Throt6136	-0.7340329826561628	1.1218901131525962	0.5111723571184706	-0.640896231298532	-0.42303440921470914	-0.4291821534710183
Throt19811	2.0553886050188863	0.6835692801470342	1.1084829737401272	1.4783909847833865	0.7684826712115446	0.6172954139503432
Throt2396	0.34993871767197987	3.38852147989422	0.6114858687294995	0.9184947529063339	1.6281827015573358	1.9246407763883564
Throt7555	-0.01081525810264184	3.9917535121082124	0.7636491269709332	-0.38544680632697575	0.01082542100900334	0.882338125818974
Throt6873	-0.5531608310926065	3.2472060370111864	0.767967790355831	-0.7159231241738753	-0.8393977518594258	0.5175672798582432
Throt4126	0.32558371651317897	3.187139108785073	0.6327985944252889	1.2824391485225919	0.7912701939809543	1.1793804771768428
Throt10187	-1.0008475667607855	1.823555190923934	0.9498699503096042	-0.8703582716691762	-0.7492641786222392	-0.23798500295882646
Throt13364	0.6504212597287803	3.5120982513230237	0.6134062030953146	0.8006536776518919	1.504664330202484	2.049627267666546
Throt11050	0.4004261003110707	3.2753710127520823	0.6373469840456387	0.7935847516672453	1.5142691459545492	1.8850409512242015
Throt10342	-0.6574001251523235	2.293636180878968	0.9097263082666399	-0.7695713465058805	-0.67391143420997	-0.17982388920701983
Throt4235	-0.5149540676665112	0.7987968236343682	0.36407149324756044	-0.32535073145758414	-0.1942598476065464	-0.2994570624315008
Throt3959	-9.74113385246766	2.2918721413137053	4.763547757959746	8.226316426160198	-10.415980944879733	-2.769216419695222
Throt4898	4.40559355170659	2.7390428312435997	1.7775813997137189	3.725683221150996	4.4883602522832	-7.924425623384283
Throt16946	-0.683600608476828	2.79750257815126	0.6662992105999822	-0.8774123313763376	-0.9883966332657816	0.4533050014031009
Throt6481	2.2295793030020454	3.9738697857991134	2.184426658209413	0.8170802279192395	0.3975065929788203	0.7168833292634635
Throt12016	-0.68193554899201	3.9442300168226443	0.9729778152681949	-0.9416010644108185	-1.1356024039560086	0.7838790150068646
Throt15596	-0.23784657345159727	3.025858665262406	0.3779326241840781	0.6441786405725174	1.507161804120755	1.4223789329646495
Throt19237	0.34376794117628406	2.8553485260528513	0.5247618344787238	0.7888196065932264	1.387568292660361	1.6311827937336902
Throt1201	-0.780543773003589	1.9198454492462518	0.8204499367161969	-0.5941126738613175	-0.5980771863011946	-0.16342864474534974
Throt3325	-0.31695151433531377	-0.09557287922266046	-0.028933400348436732	-0.35348667953384916	-0.34274306249721	0.5278509041399491
Throt12404	-0.0727184707934363	-0.22160300255170093	-0.5223555311519448	0.3721977795797311	-0.16391432448813287	0.8525999682871499
Throt12405	-0.0727184707934363	-0.22160300255170093	-0.5223555311519448	0.3721977795797311	-0.16391432448813287	0.8525999682871499
Throt19327	0.371320369210401	2.8357268579340005	0.5155467558712519	0.784883839456357	1.3481363667445974	1.6331230164842976
