geneID	S1	S2	S3	S4	S5	Control
Throt1714	5.042369291287524	2.1527451146427907	-1.3991135164993043	2.0073289097974714	-2.057428740907245	5.61373902860275
Throt1082	2.1425124209295756	-4.74790912627457	0.7556839692965677	0.6129902366510278	-0.09477315495088658	1.1025601997976262
Throt439	-0.09643381728081536	0.008027050618408596	0.24475313679516592	0.16486127082026916	-0.7541618937948625	0.9006841521316431
Throt533	0.7355929157739215	0.664021339051529	1.0968155481778503	0.6873333647263083	1.1025363096657828	0.9292110283750566
Throt431	-2.4386954811866803	1.8675973219362973	0.8394251180369475	-1.2981793142443683	-1.8669001304682098	1.908395254060952
Throt789	0.8511379756570996	-0.04426457556287993	0.8594708390808413	0.21937491608291568	0.5116766378272488	0.9692472131370719
Throt5219	0.5304965276856413	0.6445589339196267	0.9653603915991185	0.5708567257638262	1.0856949608688222	0.8700245866979871
Throt232	1.0	0.8500065858798735	0.9009093282283328	1.0	1.0	1.0
Throt703	-31.068990063637347	6.221251152767938	-0.17999875726005152	-9.96215304671421	-9.094620613488534	6.147049370561703
Throt2811	-389.33152389489584	-534.240300672997	-17.238457279505873	-107.57870136428485	2.991090193020272	1.0850654565148368
Throt62	-14.029596921040454	2.2486162210798923	0.2024908071980906	-5.111732597121009	-4.453701903495132	2.1163160801309395
Throt63	42.91647594402868	0.3994406802422631	0.15634675816722232	3.8537971227838344	3.42667871500937	-0.40928136040662405
Throt13505	-0.47949368707796075	3.3763513366058997	2.3218131448838633	0.06380968674998294	0.28224755604410323	1.8119730405212926
Throt67	-20.009647752302282	2.4643343182152333	-0.03667901505874229	-3.8753994105154077	-3.580104266264076	1.9236527486440886
Throt64	-24.300788393968453	3.113212296978357	-0.04433944193682927	-6.718869024725217	-5.670156772587666	2.4007673469996083
Throt2313	1.373268868311071	0.1962329479518719	1.373268868311071	1.373268868311071	-0.6325799997847854	-0.015395732678367966
Throt138	0.08932865087654102	-2.308791951749666	0.34619017467390567	0.37207870964848316	-0.5731754262659535	1.0195966489085033
Throt1964	0.8803995399863029	-16.889353943438554	0.043882380889540475	-1.6213392944837195	-0.8278832334770514	0.5558859081452732
Throt69	-91.15334166918997	-4.857703979369733	-1.9878655442746105	-7.5827244371234634	-4.646651632381913	1.3675196799942284
Throt16011	-0.539371409259885	0.593258818891553	-0.3255847081479135	-0.539371409259885	-0.539371409259885	-0.539371409259885
Throt10557	-232.7271829762291	-264.7286508519041	-9.363786705650565	-62.92900842101697	1.8879801324351606	1.1940826141397651
Throt2013	1.2933386136750393	-1.7571019002462307	1.2708956523834263	0.9752799365370886	1.1524445185878562	0.16868125248184385
Throt5838	-263.10434426728335	-400.3078541411013	-21.57072269867426	-120.20625762250303	3.971182353599285	2.0626115709185333
Throt739	-345.4617690681867	-626.6423415673191	-13.67501433690894	-110.73600545417985	2.566949614504918	1.8572567350924394
Throt2249	3.4904319300164035	3.4904319300164035	3.4904319300164035	3.4904319300164035	3.4904319300164035	3.4904319300164035
Throt1706	0.5076800070055671	0.7418870394482737	1.0698753190250907	0.6423945116503408	1.1500608353469903	0.8984803582739128
Throt12478	-1.102307692307692	-0.1999473129610115	1.0	1.0	1.0	1.0
Throt380	-3.5530651723745987	1.189491608584964	0.9192272892273515	-1.1845550266853273	-1.8154919860390122	1.1506633944059408
Throt109	18.661632444362617	2.547365473747111	0.34015489489555484	0.771078183346491	0.669617831540598	-0.342248378669948
Throt2963	0.7033989390322568	0.6859101034750377	0.9877329332134898	0.6963358223228231	1.0545622087338573	0.9247553914804029
Throt1536	0.869456150370868	0.023252392531197503	0.7471682204341961	0.22990729466529508	0.6087851296727158	1.1219170601808892
Throt7408	1.0943766092693916	-0.06250564897646066	-1.0346756138889412	0.9365901928588654	-3.4097024111406933	1.083297978172455
Throt1559	0.9122099714563374	0.8770142684107306	0.9169606850301938	0.8767184729138136	-0.3312053942634838	0.9154001319961602
Throt1154	-5.844315395331536	-6.395168206059642	0.7511973954696481	-1.378706360530516	0.24497888000715173	0.6789365678163515
Throt210	1.4627466165227503	0.8085642112484202	1.7325506593760052	1.7325506593760052	1.7325506593760052	1.7325506593760052
Throt11734	0.8180720915932186	-3.827195737865234	2.733917015607156	0.907697334408946	1.5692151818912379	1.1212529381543466
Throt1254	1.3123998112522082	0.013061085789464051	0.7218726402865054	0.19236765036976852	-0.2494735915695689	0.8046031380269478
Throt1121	6.008177639093972	-54.91206874771245	5.124698560439756	-0.5975063072112631	4.077338640540378	2.5997717120498716
Throt3125	-0.005953890919942792	-5.727153704087923	2.350170472403862	2.3158880682135803	4.42881612765221	5.4180407371484005
Throt302	-93.15345906239689	-173.11982259392101	-2.5281382532950745	-115.00173429832205	5.776263168162318	7.6702494572666335
Throt16900	-0.5150134585783637	2.407675493255033	2.1818075152375838	1.5467961392093195	-0.13785883462640788	0.4900881570968794
Throt8108	-2.3132991012083077	0.49402273220823806	0.2559790839458494	-1.4873495036154079	0.7614642686863476	0.7978882092887768
Throt3778	0.8888023650324399	0.49402273220823806	0.5496780077174724	0.4925232237542898	0.9193013446302072	1.0164318529033514
Throt305	288.59819066672736	433.3769241084939	25.45611060106771	289.88054520541186	-1.1243705317346526	-2.4999366501412172
Throt144	16.973613207116298	-1.7500808955666387	0.43780639973842445	3.223512256742991	2.902555976239498	-0.6201302918914334
Throt200	0.9403600654664485	-2.1049326539447	0.44392640655349797	-5.220710865482009	-2.192594566476407	0.13875607386498412
Throt147	0.667289420338052	0.7671904186838898	1.047031151503837	0.5709209735208493	1.0989806220071154	0.9751245392814692
Throt99	0.5978146087408229	0.5803253491813806	0.8840724757617452	0.508205764189679	0.9758191950366035	0.8588826832904016
Throt98	140.39180428658068	-16.87582150989284	1.3168451410542332	37.151892288559296	26.50873608998754	-10.734235715691467
Throt148	0.6967645421801814	0.6784886422931555	1.0389703041773357	0.5184141307759201	1.0958669637724359	1.0290455610216906
Throt91	45.55720236696683	-3.541726051785213	1.4649251349748762	8.164465875568654	6.67474177388064	-2.0196705211425408
Throt2274	-1.5083056071261995	2.0491514135673863	-1.4821323807191813	1.144144039060575	-0.616452841336922	-0.1967179176785646
Throt17	-11.978459224800142	1.9037685245012976	0.2871720715281613	-4.832359248903419	-3.543417868308944	1.847054958161927
Throt4985	0.5448593915897956	0.4699232365120314	1.0480835069303571	-0.8378722120776175	0.31978228530716807	1.1542842683465704
Throt1658	1.033193617659766	0.29147896948507446	1.0210118393176566	1.0596591441979402	1.0836998628064671	1.008813088800915
Throt12	-13.49784602775147	1.6278538190626834	0.09563727111967617	-2.6872073274685544	-2.403268466382994	1.3616656827687816
Throt10	-15.641368745677704	1.9050139373348294	0.01889007529176072	-3.203529734889644	-3.2754799673847272	1.5463380865330532
Throt10088	0.9889688490390165	0.8399147035449591	0.8861183444003495	-1.1095114148910319	-1.1547488736178866	0.8117852142087573
Throt18	-20.323059488158595	2.8475604312457397	0.18462147762591602	-6.988397645211552	-5.143778837511467	2.38736907981981
Throt1303	0.5125163582890132	-1.413700096002678	0.6430230319236929	0.2601580782593324	0.6311664292700625	0.8216407709178768
Throt93	0.6806099259634445	0.6775725987650167	1.0425773283068809	0.5808005427798629	1.1198682002012705	0.9188615260879782
Throt2971	0.6827390798036337	0.5681260816058606	1.0589084007041396	0.5036927869717186	1.0736542980848673	0.8003560353422076
Throt881	4.87564127434156	-1.7025001558636912	4.395417315566881	4.383989847503455	3.7693330546547443	4.50491032838268
Throt669	-205.6455425477965	-217.06495025885826	-26.851279484745568	-335.1018536635614	2.962431605704183	11.495235183583342
Throt882	-131.9642521557711	22.013984331271754	-5.685236458976561	-33.072568362117586	-34.2607104400688	15.121404622860855
Throt557	-14.546853936651578	-0.8533860015890634	-0.05002622610288298	0.6475603162914569	-0.9430861196636592	0.6511484237687447
Throt556	1.0917671332016732	0.9620364300922556	0.9939575390072579	0.6862561853763963	0.0718740587182622	0.7399328466143966
Throt9065	0	0	0	0	0	0
Throt2661	-9.129117773566918	0.38597225303219235	0.9235667540089786	-0.0033425881594825826	-0.0070721318265522465	1.0481383509946303
Throt1025	1.074088613788484	-0.1379232345970046	0.8515689906445031	0.9850256837826407	0.9033938470732147	0.5836318522046924
Throt59	-29.33054007484879	4.325920452117786	-0.18529917553667763	-9.693978899732764	-6.766816642191154	3.797205291498342
Throt313	41.443411024780026	-5.7372853666153	1.8887379752405606	7.655792058478767	6.873910217424102	-2.385116268733871
Throt157	36.34991482918054	-3.310668468302518	0.572927976665492	5.849022371089052	6.580286954163581	-0.5859498737795856
Throt2177	1.2149774656397565	-2.670275172779868	1.1089267017613764	0.986954371199887	1.2450637542368321	1.0171373254711071
Throt153	-1.99093499609333	-6.770142797510728	-3.573367041162933	-7.329143860633557	-7.131872230906287	1.2040648390977011
Throt89	0.6213642597193412	0.7774819715480813	1.0041696661502182	0.6911275339955678	1.1954474302634954	0.8974915640095189
Throt12577	1.0	-3.7997892518440466	0.47151641721777476	0.3320134917143277	-3.260194537972316	-1.3594923594923594
Throt12578	2.389181161754767	2.5027963765810792	1.43039868065298	2.10928628294428	0.359622614023219	2.331017598454699
Throt9310	5.513749324572586	6.592111866471291	1.5336808082380764	-0.6886413641602095	-4.63652824962181	7.399269457712836
Throt86	-47.81962418200596	1.1684371195023018	-0.7919023565226544	-7.022609071305294	-4.90646140249736	1.5189994139471399
Throt1785	0.533275576244041	-2.4094691946010185	0.7843725208933109	-0.39249933134774107	-0.05973182041610121	0.8668422368653709
Throt80	0.7067797060627935	0.6950982923534312	0.9858818001626998	0.6522443118716645	1.1000187513475705	0.9709843779873757
Throt15	21.074146974170343	-3.4034440610632384	0.40891545805012686	6.865534386814141	7.493282529204444	-0.8764622012711354
Throt82	-2.9935222318406938	1.9328854538006472	0.82321651344408	-0.5350376397016413	-0.9559266407962137	1.5344347083138241
Throt3873	2.2915578637922587	8.429584611357582	2.4097383724152612	0.418468815589263	1.6857556456282574	1.373310765667454
Throt7560	1.0	0.8800052687038988	1.0	1.0	1.0	0.8230380730380731
Throt798	0.7544071841017141	-0.6423621759210628	0.5806420824287859	1.6999385032356384	0.8710743874134829	-0.26215800144287027
Throt7563	2.1911610878661083	-0.4381167717835552	1.446737233614943	1.563875640362487	1.5910685701153795	2.1911610878661083
Throt1418	5.513749324572586	-14.393985505808887	5.266328130631106	2.0073289097974714	5.679869785236457	7.399269457712836
Throt7	-13.081010780481767	2.0317645822748784	0.18265312571906578	-5.134936298824596	-4.221841976693584	1.6951205031142378
Throt631	0.6519058605192061	0.7232832086288753	1.0274944155435903	0.630220525340165	1.1123764909143936	0.9344499556369026
Throt3	58.368435309746474	-7.254540107221863	0.9203045945423219	13.27543637753593	15.59017563808577	-1.6869487569508794
Throt1	-2879.425879929207	-219.90708657567694	-83.60481914960823	-103.18246159008665	-110.09995973820975	32.36451565534941
Throt7918	5.8929230769230765	8.829293993677556	4.999651931778629	1.053233611966564	1.3434343434343436	0.0
Throt3303	1.061888930775183	0.7904038379321133	0.9412765727463032	1.0699861025704513	0.8666889859822541	1.0164318529033516
Throt9	-55.59772073862174	4.132225341626112	-0.5374586101408074	-6.483590423686597	-7.28355523140799	3.1335755760557014
Throt564	1.5684157983403004	-2.6437159717897005	1.0947689409693713	1.269078486147894	1.3775084721300481	0.11458308335453171
Throt169	-3.48727632886159	-6.818609845010288	-3.501606951967416	-14.178859692612443	-2.1738804863254177	1.1860216893844364
Throt562	-1.9482792235369875	-1.777782055875884	-0.7991392571132563	1.997625877526939	1.2342593843301688	1.1009590751315141
Throt488	-10.798323773978428	3.570337170197154	-0.21755118883276725	-6.665418389434467	-5.997306019781938	2.527909894838186
Throt11176	0.01892307692307719	0.2800316122233931	0.8414549251653325	1.0	-0.02244668911335563	0.6460761460761462
Throt7594	0.4858166020261056	-0.3564621798689694	0.7940224647759111	0.8152973255501887	0.9030266060618809	1.0040200854235057
Throt675	0.4109242998253898	-20.048784882226354	0.5956795272592923	0.19385091309324812	0.11961332575116071	0.3317704175689918
Throt1135	11.229485069521449	-1.0439637445888914	0.47170959233298027	3.335097999859663	3.0937302227120886	-0.8092862913445698
Throt6931	-0.17298535130388745	0.6506042159941391	0.06162803597129598	0.15651422789584135	0.6165130193033799	0.17178355255905528
Throt15604	0	0	0	0	0	0
Throt6179	1.6391484875991917	1.7966151936825288	1.7018954017233283	1.9512514379507804	-0.09464458056007281	0.6604917731678298
Throt50	-4.821524005171639	1.7100433144464702	0.4246486389088497	-2.7246905889886786	-2.233296315389349	1.5729935307625946
Throt2296	0.16529368680553086	1.0285635391496757	0.09653976457137567	-0.42082871095877206	-2.556807332498229	1.036986933178294
Throt360	-30.66569755723683	0.6279861217077786	-2.0198618782271134	-9.62531487376051	-3.376251576022935	1.1393251295658706
Throt17515	0.673866839400491	0.7395349691407951	0.9743114946350176	0.5322206638161341	1.0864216006356135	1.0557153479386507
Throt363	0.011006210194242385	-2.363937930129131	0.4238070403867768	0.31574887309628086	-0.659069414808388	0.9539908118706159
Throt5570	-9.336346153846153	-6.799657534246576	-3.161808214410024	-2.0059392872855253	-0.2780583613916949	0.11519036519036518
Throt4474	1.0	1.0	1.0	1.0	1.0	0.7471972471972472
Throt33	-18.465525214662186	2.101821046377509	-0.2211722520985831	-3.442349701163175	-3.3406436808956435	1.5371491442769196
Throt32	-18.50112908456792	3.3944793664698687	-0.15082839561026257	-7.741266541530017	-5.732059710124679	2.752421718389398
Throt14860	0.7464648944310975	0.7720666472250676	1.1521355355449925	0.7814790745026164	1.258444877329366	0.960312744559119
Throt16351	0.7434373808010175	0.7366066063450871	1.1090161175722675	0.7338543011202294	1.069712274257729	0.8960165867190661
Throt801	-0.09756009376005324	-5.8738029464867125	-0.8141901472915734	-0.19487234127005298	-0.04281009658424486	0.38843988117041317
Throt800	1.0047842522964647	0.6481585831809923	1.2680831028191395	1.2680831028191395	1.2680831028191395	1.2680831028191395
Throt1730	1.6142953472690489	-14.850794249119096	0.20663317575990026	-0.9736906824046917	-0.0362355857972848	1.328626531930645
Throt68	-16.9316685214749	2.309930627846109	0.02170390976978148	-3.5163803490824694	-3.2333805049613935	1.7652885540521615
Throt579	-2.8537407208176386	-83.20021903807458	2.1946315953451334	-12.589087771005925	-0.0939464575828205	1.2227492786933343
Throt901	1.08138270795303	2.078340093008448	0.9704940416443681	1.4294608240180413	-1.2764075396440955	1.7517650649197447
Throt1208	0.5470572636207754	-2.1414453963667444	0.24091623139996612	-1.6609906560294538	-0.06329027207968213	1.0579169185300314
Throt904	35.444058936405696	2.814813183790346	4.276390342675885	15.695426611947035	7.544807091722527	1.0280252301264625
Throt277	0.7347318396406883	0.6528578418834388	1.0660047517454285	0.6353136940544086	1.0823727004789798	0.9222816913230256
Throt740	-549.9850439046005	-925.9925711180158	-16.93880144080439	-134.54509450943658	2.5298041027245195	1.2867586140902663
Throt741	-689.3220728847762	-1152.656881458174	-29.129269693337363	-238.67635894700186	5.13691583489423	3.4678771694012935
Throt2355	-1.102307692307692	-4.3997629083245515	-1.5763574660633486	-3.0079190497140345	-1.2366021324354655	-1.2120240870240873
Throt132	0.7469365674233961	0.7012261684952574	1.060291683324768	0.6791289005047525	1.1137927099745926	0.9963105407191263
Throt3427	-561.2537980302916	-939.311331820774	-24.915526505513224	-142.51586466268083	2.141234218192269	1.2233479218809002
Throt1068	1.048665049840276	0.9258998977669137	0.9675622796922628	1.048665049840276	0.9505976009197198	1.048665049840276
Throt1042	-15.614888113853608	-0.3279394445757261	-1.7936585780558973	-6.366063217830716	-3.707819552727854	0.2633477175250706
Throt478	10.393394673643694	-10.139340393653018	30.776756958379245	-142.6133287503413	-25.126920665821892	9.448697567961979
Throt330	2.1521250134147354	0.8536105200278535	1.8973611912727948	2.4121841574949614	2.293610613967923	1.7554691471913606
Throt176	-91.82622649930374	12.80937389594074	-1.6649820562660822	-24.548244193063532	-21.980619111912024	8.33168733072995
Throt16885	1.456687066264531	-7.107752114601426	2.733917015607156	-2.7447420279874732	-0.7601884855405977	-0.4914111392984629
Throt173	6.9445592547978485	-6.490299960613247	2.109308574763515	9.586121243707725	11.475530909654077	-3.5371430515318454
Throt4774	-0.5862135677335235	-0.6979024854800974	0.9540574687466515	-0.44407799549565186	-1.435228753116487	0.4020641286907007
Throt22298	6.493483382362158	-16.484167703402463	-0.5331063630212812	25.47032529961342	27.380372479884358	-4.266939862415873
Throt8482	1.0	0.6000175623463295	0.8678791043044437	1.0	0.7869902731013843	1.0
Throt13448	12.14914823374052	2.0557476358669904	8.33185914739719	17.11768304541654	0.8518988164910917	-3.6936682773592664
Throt8480	-29.35427868898262	-52.64936976502688	-3.2230695014987893	-66.13373596040246	1.7771411903268053	1.3586805493816025
Throt5569	-12.034307692307687	-5.959694415173866	-4.073442394709361	-3.408710954685437	-0.27805836139169454	1.0
Throt10727	1.1948663101604278	0.6623207091055601	0.3017912297976178	1.1948663101604278	1.020339581195196	0.9532139162085687
Throt2522	1.1112848452273338	-0.7134817265140165	0.8330920995180712	1.1112848452273338	1.1112848452273338	1.1112848452273338
Throt1840	1.8403648062751823	0.9917788911440234	0.9244692652848984	0.951707010056224	0.9321898531219382	0.557189872465714
Throt8004	2.1911610878661083	-0.06250564897646066	1.6948785183653314	1.563875640362487	1.7910994093656225	1.6372295330192816
Throt974	0.4331647897592797	-2.1745266704069706	0.28172272630454714	0.22428698548131218	-0.13666550856066542	0.8246818550718628
Throt6622	0.8849427647952209	0.7135558387215415	1.079365088266157	0.6984475682229939	1.1747824420697297	1.03397459581151
Throt12516	0.6095301401673932	0.7344926513444396	1.0424795942066052	0.6234963553349687	1.0248573517883106	0.8425907310423812
Throt6586	0.6130310497730846	0.6999273778140026	1.0206019983128751	0.6260611097368574	1.0455066109389888	0.8529224085129121
Throt3216	-4.170188887994848	-20.345506280559583	-0.04211047488738771	0.30930474535524405	-5.410010803643124	2.1911610878661083
Throt1725	2.8846376323813376	1.3848694522271032	2.4216088841454746	1.416782564237569	1.6073490288700345	0.9964566932196428
Throt24	-23.247081437212483	2.4140688572939837	0.2927662371160063	-5.797851580206988	-4.000633535115868	2.2040926084408716
Throt25	-19.097999983367732	2.4532482919333924	0.35017482631176433	-5.460131222741416	-3.978967755437056	2.0028982810131244
Throt1532	-26.851450337671103	-10.729677695218541	-18.044081312314226	43.909193295091846	5.236476110137813	-4.627161917311847
Throt912	-162.25583307528368	-153.3573238602295	-8.070163625857075	-52.451100383701046	1.5352228776038863	0.9918286583571928
Throt911	-48.24437558171365	3.337950517197682	-0.7156190094941678	-11.51843353007394	-2.204911264624473	2.1455663867219252
Throt228	0.6203886321327895	0.6934232797647937	1.0450708074778083	0.6363738370503568	1.1086885307461984	0.887610820046715
Throt1987	2.522601026624028	-5.391620639937644	0.6591480330767808	0.5673733001327008	1.1626090786867116	3.220981366782252
Throt165	-22.536258395865985	-64.11657171369906	-2.8323266467629464	-5.256225096469059	0.024905644210611193	0.8814604467908612
Throt616	1.1813082851861758	-2.508263671836743	-0.3192522019641525	0.4800062710927161	-0.6235996049355575	1.0481383509946303
Throt3428	-655.7825575632421	-1115.372673814188	-28.95097353980709	-157.60223339642195	3.0620485240172037	1.4684146576764021
Throt16899	-0.5150134585783637	2.407675493255033	2.1818075152375838	1.5467961392093195	-0.033201002672525806	0.4900881570968794
Throt19296	1.4376651453278884	1.2996553510819764	0.6171001243363564	1.207183324405107	0.3352131694072603	1.2341355497733109
Throt3731	-4.09266984343091	26.833909937801334	9.732606599743113	7.089908856954868	25.43014212925719	7.93440188130454
Throt2925	-0.7196572099811342	2.880158075745482	-0.44917241585921874	-1.107820453493753	-1.107820453493753	-1.107820453493753
Throt5301	3.2484428859210634	0.7742097199665998	-2.558421951187399	2.3158880682135803	-6.452654576805886	-1.4304373285944578
Throt8191	0.6106837606837607	-0.06661983374312132	0.6476776114785164	0.33201349171432776	-0.42006484599077204	0.6067512734179401
Throt10917	1.7524472964274218	-1.5649501402048394	-0.04211047488738771	0.30930474535524405	0.5909143738641646	-0.024565131521198255
Throt6117	-1.1131673795666515	1.2122058146895507	2.806575602035867	1.7069574622786383	3.665631295227165	-0.14855872376382845
Throt5510	8.646385753186488	391.28253448737553	6.172358500896727	8.05845368025673	-1.1578943834220559	-1.3769424858007218
Throt342	0.8019007483102675	0.8139203042400943	0.7850271409472408	0.7274950436909917	0.7242682666976601	0.7140102749412375
Throt6954	1.098313277315162	-0.03917423611996814	0.4401616590489366	0.5869902314991889	0.8718066512871069	1.0261027180637112
Throt2322	1.0	0.7000131717597471	1.0	1.0	1.0	1.0
Throt6057	1.0	0.6400158061116965	1.0	1.0	1.0	0.6460761460761462
Throt2437	0.777027972027972	0.18185410479931025	0.5315713698066639	0.18019837619485674	0.47715794306703396	0.5978138023592569
Throt550	1.2091464254557143	0.681542060291352	1.2091464254557143	1.2091464254557143	1.2091464254557143	1.2091464254557143
Throt122	11.014503121795135	-1.0390258491771123	0.53755078256579	2.81189415509767	2.6710585040407517	-0.5365874670884417
Throt1235	-0.12396814903846182	4.924905791046497	-0.09975162749086335	0.47004664127804635	-0.6796981862899834	4.323220561990094
Throt282	1.1104995475838098	-2.9133227071254413	0.8910673384649318	0.7099627321594982	0.6298004309757117	0.9385452058122525
Throt4941	3.4031974179666493	2.176451841098838	1.0886965453620516	4.185314685314686	-0.45055155282427894	0.23522747648621817
Throt5475	-3.2213929253228506	-22.55260089375677	-0.25586215482176083	-0.004612701950217997	-1.5411904937452365	1.0930018886223267
Throt4099	4.9763565272901396	20.114513420984753	6.118177104621223	6.228172411841702	8.970629531832856	-3.7251037344398363
Throt3882	1.3043329369282095	-0.23614702984090252	0.5630902723707024	1.2925756422973897	-0.15668455619585683	-0.7317837934820213
Throt54	0.7047340664872537	0.6560881800486598	1.0080848805199272	0.5642026204552592	1.085915833899347	0.9310667089474307
Throt1127	0.7655146296194649	0.7253662843831835	1.047245382667465	0.6597392546661645	1.0820832377534058	1.028579956342963
Throt8012	0.929923076923077	-3.31981032665964	-2.3294465715280186	0.7996040475142984	-0.5336700336700333	1.0
Throt12632	1.1600936546353784	-1.637914270763815	-2.3758605879638903	1.6634175171209287	2.6640110060937716	5.1995171381286385
Throt1584	1.0358336938992252	0.877640584741371	1.0358336938992252	1.0358336938992252	1.0358336938992252	1.0358336938992252
Throt1585	1.0499424373663724	1.0184455472043346	1.0499424373663724	1.0499424373663724	1.0499424373663724	1.0499424373663724
Throt1586	0.929923076923077	0.580018440463646	0.9207274625826661	0.5992080950285967	0.6165824915824917	1.0
Throt217	-15.725439615949643	-34.0410647148187	-6.1958005112379055	-16.074143967387926	-1.879307401705021	1.07402625455759
Throt4925	-3.964227833235468	-24.912057460473243	-1.423993401507132	-0.7592011096073051	-1.6592533844442259	2.0073514271987563
Throt511	1.8708563162003249	-1.2925350348452573	1.176833627829747	1.5571011210523276	-0.013070374163382236	1.345488465542464
Throt1583	1.0279404999233246	0.922214119286171	1.0279404999233246	1.0279404999233246	1.0279404999233246	1.0019538811135191
Throt8507	1.149943454440938	0.4016550656615338	1.0173850707345014	1.0583736875473069	1.04455759362729	1.213261117409356
Throt8505	0.7608003227508039	0.7493300596541909	1.069234264877418	0.6090768957689109	1.0800108523908816	0.894068781088433
Throt455	-101.11076655890126	-83.64900988993729	-14.90351933362405	-19.69458861879956	-1.8926114216145467	1.03319188626587
Throt1026	1.0531388990156763	-0.19787449791891207	1.0336373702643424	0.9184285421737344	0.9307107483570255	0.7013664606790354
Throt16732	3.2455016021690897	0.4131882009083939	1.608270665467488	2.6542421613867755	-3.542037331660205	0.6349097045424378
Throt3954	1.1764401443666566	0.5684530918565319	1.6008401253203002	0.6739742502804694	1.5110788495469103	2.0299604296212546
Throt591	-1.3505257653692613	1.2987755970939976	1.2148070137965392	-0.14522583356061905	0.41673021977597846	0.9740897970054728
Throt5543	1.0	-0.799920969441517	0.7357582086088874	-0.0019797624285083186	1.0	0.7050634550634551
Throt292	2.0953020409358443	2.0049044874435578	1.2890867561697976	2.12517712187442	1.1809812373192656	1.6588076306386168
Throt3530	0.7731280507055357	0.6347048095087819	1.0445787636502475	0.7286255216896859	1.0668049116501372	0.999966403665327
Throt114	0.8063238954626637	0.6362019194139054	1.0129481051287093	0.6551476701518607	1.0565516312798051	0.9522508618436083
Throt48	221.33827276275792	-112.50169833552395	-1.4940030449274375	167.28363430240023	208.75417127569636	-31.528898667219085
Throt6603	-0.4782599054003821	1.3762207747602304	1.2370514387525506	0.30156951404125104	1.2693059153440758	1.0437907784600005
Throt4015	0.2992307692307693	0.7000131717597471	0.603637312913331	0.49901011878574575	-0.5975729517396186	1.0
Throt699	0.6767844450051193	0.6832184501318483	1.0423750995588204	0.6074161454563258	1.11650488447343	0.9404653146560626
Throt855	1.0	-1.181722387201839	1.0	1.0	1.0	1.0
Throt3899	1.4732307692307691	8.198630136986303	0.0	0.0	0.0	0.0
Throt858	1.7977082523280563	-2.5070717295170524	1.6211733649473463	1.3048315463281175	1.3831525921420096	0.6727694103053208
Throt44	0.7568959474150836	0.6449625736990455	1.0051811805831157	0.6028298830969365	1.0635164706387659	0.940667801423055
Throt3333	3.683076923076923	6.937302423603795	1.6665506439262094	2.106467223933128	0.0	0.9300699300699301
Throt4405	0.9976378406326128	0.6910213779657344	0.93489293043394	0.36078613787385827	0.7515753583714749	1.0556142583775145
Throt830	-728.9859859604277	-613.2137459711344	-56.160204229639255	-1440.568170339011	19.175017565572606	34.194759930560544
Throt638	-2.2288009891310265	-1.9617920322607099	-0.9578883976510432	2.1350769437090564	1.3314031869862035	1.2284837014861254
Throt1078	0.8156296669432265	-4.525027053860929	0.38911898650471394	-0.036717119369404395	0.530328321738183	1.4693308425011045
Throt441	1.1010512549359197	-0.07023130204377469	0.9319140041929367	1.119213716178231	1.0940592361528672	0.6231472829750927
Throt1077	0.003951076656761679	-2.7255986290309755	-3.1364819959759584	-11.027592548508222	-2.2318294549646103	1.2570587121549561
Throt10204	-27.91960176861584	-1.6401581533744365	1.2890867561697974	-0.9185223467892639	0.40451334817531986	-2.1040752167512724
Throt634	0.7330576894731573	0.644272871850369	1.0419612440684172	0.6784638817896721	1.0753838658651214	0.915388640165426
Throt1177	-3.152233363719236	5.576644993098338	-1.2300369231530737	-0.7226379507202988	0.8765048438399999	-1.8649442323097758
Throt738	-693.050954373736	-1165.7310745456878	-29.73186851185059	-239.69191337174945	4.813072511738883	3.4678771694012935
Throt15888	2.733917015607156	-2.733676945619835	2.011501885888477	2.733917015607156	-1.924890319256516	1.1212529381543466
Throt2108	1.1452718864614895	-0.8703181336000815	1.1452718864614895	0.6862561853763963	0.9501086450536299	1.1452718864614895
Throt18467	0.7528032781158509	0.352478855333728	0.7947038121494064	0.3733461744531489	1.0311899533566424	0.9000360961157426
Throt735	0.2992307692307694	0.5200210748155956	0.8414549251653325	-0.20237571491420978	0.7443883277216611	0.6460761460761462
Throt324	0.09112972752270056	-2.307915257467594	-0.17220136121831378	-1.9045364314373305	-0.3159096365505779	0.8421481989286959
Throt81	-1.712541991683324	1.6458333365692555	0.9354870729470394	-0.44703757376625114	-0.9292596983837741	1.4363514631442271
Throt77	12.862170631624386	-0.38848183891313964	0.5394665696285216	3.41546069156054	3.2969758022611204	-0.05384893594423608
Throt4136	-188.25581379993412	4.110593034456877	9.689358822483724	13.686009867657098	-23.22277134723489	20.549356223175984
Throt70	-1.9335091854928639	1.2173009892209974	0.21862975098844717	-1.4604565986676605	-1.5263815338908655	1.0801928343381593
Throt2305	0.045854160251278364	0.27535025433892485	0.17950990859453403	-0.9625063407122925	-1.361621896231401	0.6392496069328445
Throt4887	-0.4316850765247498	-7.246919314012862	0.3953120527616244	0.951707010056224	0.07906489712902784	1.0634398463516168
Throt2146	-4.040234890383463	0.820139345203255	-0.2850329347682992	-2.0102896475366574	-1.383435027430246	0.7259398637610148
Throt79	-12.458033951676388	0.7787626661434796	-2.4946418283433993	-7.2534040405573394	-9.724483587617152	1.5478064859183527
Throt123	0.7049844139768601	0.5483438541506844	0.9771019705854052	0.5127678026877561	0.9692747876494807	0.910710882670403
Throt2214	8.875869005804162	-0.7244910184974219	0.4005064853200969	2.494571589281155	2.416937840615227	-0.43080285868665824
Throt10358	1.614295347269049	1.1715366354334014	1.614295347269049	1.614295347269049	0.14060701417410804	0.6348594089659498
Throt4528	1.0	0.49232998297803354	0.9390211250635894	1.0	0.9508439091772426	1.0
Throt2797	1.2091464254557143	0.681542060291352	1.2091464254557143	1.2091464254557143	1.2091464254557143	1.2091464254557143
Throt3326	1.412202795981482	-1.4660344442828626	1.0132910049112158	0.8814941676068697	0.657952315310239	1.1977987936281973
Throt1522	1.6923158956428177	-1.5901659918058737	-0.6255027821117262	2.927234501090636	-1.4312155647382894	0.11178725121032856
Throt2641	0	0	0	0	0	0
