geneID	S1	S2	S3	S4	S5	Control
Throt5843	3.306156080518373	2.5647974408039476	0.6315984869923847	0.5314781819527317	3.051735780478848	-1.2817381324775052
Throt11275	0.6339036277752098	-1.3577625298202458	0.1631710259798642	0.5052890067129597	0.8129820834667424	0.33909475193611016
Throt780	-27.220408869477787	4.243626377326414	-0.5713237433971512	-3.256870938403405	-5.334370895520255	0.8820171337855031
Throt7308	82.6348581037924	-8.817797065033435	6.1108149923737995	9.377529261320381	13.27094771402812	0.6594460043631409
Throt65	-8.176141502448809	1.7206808820874606	-0.10885119849641696	-0.7481454200256822	-0.7095882104304004	0.9207523768768009
Throt1569	-36.9585690082599	5.679866780947096	-2.5431916400639194	-4.410713557272994	-6.322104568275143	-2.2084251287550467
Throt19215	0.6740653873576318	-1.4686805751322685	0.1878277926201649	0.6375630012729298	0.8664617603855502	0.14034100257660398
Throt13668	1.165809709048279	-0.993125100862298	0.37409847437206245	0.31243741958467924	-0.2671814327867829	0.3173149277806635
Throt3878	-1.7378802295428315	1.20045570343521	0.5722467275532678	0.200272437058314	0.9920304630218086	0.06658291574229717
Throt9047	0.5814049703727613	-1.2512205771946605	0.25095675449048294	0.5776707449170868	0.8597647718974858	0.22054541487018361
Throt83	-3.5441802510740925	1.2749794989679017	0.5975724278001389	-1.1209997019652924	0.2023489665985219	0.746639687101051
Throt2958	0.5724129059639848	0.7901547633208631	0.570969247983265	0.6327624248600208	0.9631413958508963	1.06069497713317
Throt12312	-9.626427902812958	1.5625706881711299	-0.1305959866501155	-0.4604025145365124	-0.44984114158172067	0.5366703236315121
Throt66	-5.3519268805206925	1.2498953576321452	0.1573187968033667	-0.5648482537814525	0.27814246247062796	0.41999969164934764
Throt134	-4.11987329900603	1.2919193876188524	0.2544023767950397	-1.5136652230072765	-0.21392738576984302	0.5462228387653711
Throt14526	0.34461575751172485	-1.2399500365728942	-0.017261079122708654	0.32350153349262234	0.9740030697038078	0.3791164583755753
Throt6026	109.70253515010083	-5.186738498313538	6.472611641204589	10.521684766249145	16.645480170347447	2.7072285141594055
Throt6023	-189.88939494092006	15.846367494242322	-15.801229880146684	-32.834817923506066	-34.20713736636236	-0.9350978516943195
Throt2150	165.54219710002496	-13.839241828459118	13.904034088444956	10.993314348604075	12.107046234442432	23.54602178084612
Throt4393	1.1752859024182247	-0.7692954402170402	0.43445381032218333	0.35213545224144405	-0.12425910427752736	0.36908034526160727
Throt12256	0.4711139143845309	-1.2389769437731066	0.22364474887027538	0.5007297400028152	0.781391090999635	0.1946697104166802
Throt2390	-22.867306204603114	2.8299275568198827	-0.9304849552560084	-6.317647388570479	-4.698331437239285	0.2930945934358899
Throt16596	1.1015580217063532	-0.8527587521610254	0.4200353059063604	0.5317386988609926	-0.2058967448337044	0.1434247664161135
Throt16988	0.4818045576376666	-1.4946709690344346	0.07778614245000312	0.41144469771946973	0.809679635361306	0.15120959550449595
Throt421	105.97127694738886	-12.018756486674196	6.322968150148512	20.370119547861215	16.788946252817603	-4.2924795411261645
Throt945	-49.98744953396045	5.251364970666134	-2.0617246680398993	-4.071080951433894	-5.295740371044905	0.10037076781709568
Throt9055	0.6399603419511284	-6.653433499160639	-1.255636064811565	-0.5340187998807687	1.6296826121351191	1.1691909036492087
Throt657	-5.167093613945062	1.4438900441231646	0.36436849491184936	-0.26778788351293387	-0.148652452864362	0.620710968590345
Throt145	-5.200712939833136	1.5091042679805504	0.38327154322166757	-2.26612289398145	-0.4278247557712846	0.7584789472230739
Throt8221	1.0239472549135846	-1.229174935100713	0.22471996507005396	0.33414798468149515	0.05159695728322545	0.12584305162465054
Throt141	-1.9537854375243036	1.498335635075702	0.6909157377805297	-0.22628688120257254	0.7259174240445662	0.20893315240519858
Throt142	-35.121937569819316	1.8211143064372017	-0.9067476112145437	-3.2512199873101766	-4.1831480145967355	1.5195777874909078
Throt13512	1.0014803505891037	-0.49045376460169704	0.6383691066550514	1.1804744239580278	0.8985240676625132	0.34241352889870597
Throt97	-6.1916802278671454	1.4366074484402553	0.5566234778120215	-0.9839555444430687	0.5057607046073356	0.30172220586385945
Throt13455	0.26005560422140145	-1.9531544417222524	-0.04904521572647511	0.28948809481196114	0.9920315002510526	0.40290831812893135
Throt12982	0.5511403935670622	-1.2176661131418496	0.3384742909000506	0.5430371123695461	0.819745552032881	0.09359289893948365
Throt13216	0.9626612698334804	-0.87474872295636	0.5524962813278544	0.22393656380368207	-0.24779988599625188	0.443339027746728
Throt92	-4.438734723295707	1.089585662856081	0.1605737861138899	-2.180475029083005	-0.6421863046781864	0.6885909178164692
Throt15820	-2.5959669935542076	-9.000801557626076	-3.017674307333455	-0.2519676771490379	2.3052226426859606	3.2501255944359926
Throt16787	1.2612730136668493	-2.0229172856359527	-0.47705426678638735	0.17412087355850225	0.24905061138695614	0.05462144985793454
Throt14	-3.703963826929058	1.425429148551945	0.6371607361051108	-1.2674865333145295	0.3961731852954699	0.2860397524136784
Throt11377	0.4825459061870163	-1.5250868381749696	0.17779092400899263	0.5136523546180964	0.8488106968963587	0.2900573595729738
Throt4825	-17.317266117079388	2.2344710500197325	-1.0658542094860486	-1.1824100324010558	-2.8853901300344895	0.1168265600383378
Throt410	-91.69598432035663	10.670150241314051	-3.6472371931573755	-17.46419781439345	-13.882464749451925	4.322320151521388
Throt11793	0.6115683150043547	-2.1218990955484838	-0.23898360691556292	0.11136926727613194	0.9003104949185591	0.18348154143312173
Throt19370	-4.230089753128425	1.4414955058234737	0.9886159361062657	0.20130379324980485	1.0459685970659873	-0.02727514513788896
Throt8675	0.8722616430872234	0.5895491928929089	-0.2560570638526395	0.5489482613474416	1.0906939219438276	-0.699967834789977
Throt9717	47.426048156841176	-2.759630263591937	1.8057737210178437	7.485830185579417	8.437098385527445	-0.7810452908900233
Throt11168	0.442202158423661	-1.1969023825618719	0.28850750693654886	0.5288799047640892	0.7678154406785592	0.22048805165465651
Throt252	-72.61387793505749	5.477207234636472	-3.749278957615619	-17.513442067299817	-15.245016075404743	4.484591244580363
Throt18001	0.32121203066653964	-2.2057944721945946	0.672531178532718	0.9042192124992642	1.2032779848025024	-0.12072969712858549
Throt19702	-68.99595455358879	6.862078378622562	-4.998851208655916	-11.516228142007042	-15.493523268048213	0.137652048557356
Throt606	-19.85552708511325	2.6258615941254355	-1.0092579725782758	-1.8176408988626098	-2.1245673764458424	0.5490042980585871
Throt492	-24.456620052850518	2.4536014800305397	-0.716048725404316	-2.6027466442721217	-3.3258532463881583	0.15915288510652925
Throt640	-2.448091998236799	2.063204347775305	1.4601278562291107	1.1096250528902456	0.6345705122260442	0.4485277268117549
Throt10783	0.9104361987238438	-1.48022822880177	0.2710581929180696	0.49162222194839006	0.6436442218728111	0.161195512244445
Throt13991	-0.09439894576915123	-5.521077343481431	-1.4239946017203782	-0.5836259116718656	1.155317834592552	-0.10439731482912774
Throt8214	-216.26143014128604	25.10769392056071	-17.917231981549925	-20.47791285453897	-20.061360964138636	-2.1082634296919904
Throt88	-8.01125056927244	1.9525641099729416	0.2995101200139453	-1.3155497301118935	-0.7762971352829053	0.7581267178544079
Throt152	-4.0385831470020515	1.385527884067266	0.6889385253242004	-1.1708044574940952	0.35554973831548764	0.5241208167017809
Throt150	-20.650595235324744	0.05695766192044266	0.49717214972727825	-0.876853252442366	0.7814133214050014	0.6517472886880669
Throt1126	-4.888243408017068	1.580324085115787	0.6375393884471586	-0.19135239207966293	-1.2499479331580636	0.6225843074265569
Throt11553	0.5056474739281032	-1.1975421531972543	0.3458523318704561	0.602305216898046	0.818258100987293	0.2611039624927352
Throt6643	-11.075857590332724	2.236284779865596	0.1847629836930106	-0.8571638713126698	-2.630937188038794	0.4960772200387507
Throt5507	-18.348387208416355	3.4780381515673913	0.03217630575250211	-0.5088891508004981	-0.8357208075722428	0.3033089467260268
Throt2505	24.143092044711537	-0.8933154802458966	1.5929628413200554	5.082284944282596	4.010950992752019	-0.6457764985703007
Throt1007	-17.621343293022278	2.7581676039187495	-0.14716411176711133	-1.7807238887108223	-1.9980718597702596	0.3706936387719281
Throt8296	0.35320323042185114	-1.4556572469335818	0.31113847878763945	0.6125252003559567	0.8094881030493616	0.23933723533231682
Throt1414	23.307380624540084	-1.6546073314359526	0.835006654437671	3.34817639830283	4.0090999643716945	-0.7447746709147022
Throt952	3.495971909159713	3.8699642858984147	-1.1744347475200987	1.234435705556077	0.721371510325218	1.18791289002053
Throt951	3.2142087062652562	3.4426150422996757	-1.139575781588749	1.2392042450430762	0.6696283334429185	1.100619782983493
Throt2887	97.77705339931238	-11.051213298367859	8.049948612278493	15.826930806650376	20.545361034114354	0.43130753221664286
Throt6187	-7.494185083161652	1.78818371013923	0.5654502201329975	-0.06140155418434255	-0.8871893497410573	0.44723393095928476
Throt4	-62.303513650558806	-1.6689552375210084	0.5687669620188583	-3.959280853928593	0.7890987503185845	0.08620860444822058
Throt18420	1.042371246268655	-1.0608430765515988	0.3401084452940967	0.6191000231659537	0.21554509607389497	0.37933303917175687
Throt409	-19.97171110664033	3.4298375060826	0.3468938898686995	-0.5897629409774157	-0.6656677816877822	0.43696726116156825
Throt12298	1.0622636936628622	-0.7790399931421946	0.455603753437006	0.5960574572866727	-0.06043662495039767	0.16157536193716082
Throt678	-2.069840554055275	0.9375131865487664	0.5160752235146018	0.011004937604922825	0.7669038324487161	0.33972660953995504
Throt19990	0.6208487821973013	-2.269091012628253	0.1339552210547616	0.5260429152240637	1.0556374098908068	0.49872647186290997
Throt11487	0.947447652367916	-1.6538013374435292	0.23360357232275417	0.4982901988855498	-0.1702803527329615	-0.013156091426360546
Throt3885	-37.80892545359038	3.1072735008788634	-0.5483689557435121	-5.320539663976467	-4.172136228511465	1.5442427791246767
Throt1136	40.89502887537997	-2.99533843815759	1.5504962088070802	6.685815847994903	7.0832968745202844	-1.282277710469202
Throt2297	0.5226724862111437	-1.302904080178376	0.1987072735051757	0.49376931755658865	0.8647285082522639	0.27350554546103634
Throt9980	-12.687825729731301	1.607904146491632	-0.8516055989452317	-1.3108035618362035	-4.619506129344339	-0.2791334621761391
Throt136	-4.775405075464864	1.447156061917567	0.7705314219535258	-1.0032383985883455	0.5123395250135759	0.3071193608133495
Throt366	-22.456740540961793	2.7158673746465474	-0.356244322093278	-2.487052211926272	-3.321182180985286	0.265722382501673
Throt31	-17.18403716405116	3.3375727677442475	0.5868384646594057	-1.452847387869747	-1.034606146628207	1.2208312584237162
Throt35	-3.324651104128686	0.8157625597616625	0.1488004670222684	-1.4648540206899232	0.19331400431965276	0.25591507247506473
Throt34	-4.2175647138919885	1.4281968728634824	0.6128920411191123	-1.280778828524658	0.2695229795149386	0.5418015510812627
Throt14638	0.6456078854525202	-1.4503389492523955	0.2314600555347113	0.4933056948293903	0.6606036946153963	0.27316777661886943
Throt1759	0.5313504641765732	-1.207328430277744	0.31673597169910783	0.6124534882954119	0.8071838580094428	0.29208716086926667
Throt1750	0.5343001377589458	-1.216260580001184	0.3310348904886863	0.6000051045496086	0.8048073338061039	0.2800693223644719
Throt278	-2.9788574188206556	1.3463634458727094	0.6135662071349339	-1.006233816025333	0.47792675343531565	0.31356562669774485
Throt15001	0.694781481728079	-0.3761874249390403	0.6898558348295525	0.8136319894987842	0.7904459956634919	0.797035315040911
Throt397	-12.59611586318589	1.455890087690925	-0.4191996756018279	-1.2644124539808714	-1.4393102687228305	0.4235076493170139
Throt3629	-11.902411814054583	2.0373806463966004	-0.1858931398629492	-0.796341415853416	-0.9669016899570364	0.5214436647142474
Throt16525	248.30600152529874	-14.056451196259875	18.459752502363802	45.91249609601391	54.11206546884954	8.89476045254942
Throt16616	0.9207945694671059	-1.2191794689915938	0.252788738169814	0.49514694877319076	0.30350400328542754	0.35122442027592393
Throt984	-18.51242314031676	3.630551167381213	-0.22074773244391863	-0.2461366703578131	-1.2628858485443994	0.4598518240239642
Throt1125	-42.64532334098042	6.36555339359002	-1.1613358716235742	-16.835422058165673	-9.85336420815594	5.066755751288231
Throt3113	-36.075992951599886	1.9833901035896446	-0.9156079498453893	-1.4205773791409642	-0.3362462129321475	-1.201959153147336
Throt16114	0.7391458309452974	-0.2692481779524381	0.7555903780441545	0.8863385646067322	0.9186205905049974	0.8027695392064562
Throt12281	1.0647095459638787	-0.9573652636804608	0.22648169644768454	0.3853574004650385	-0.2554913970537696	0.09868556760260415
Throt6351	1.2118731173977766	-1.0956263038277805	0.37836585539901213	0.5893538769879716	-0.27790271683174056	0.20548807517481646
Throt14801	0.24287197696247925	-1.6734200550212355	0.4032034564501062	0.6957245466253057	0.8397230488785946	-0.08338252415349989
Throt7502	-32.203085312905635	3.17087383482183	-3.196504921363228	-3.6095960180479243	-2.3137643795383056	-1.0784376246247964
Throt3218	24.953914424392813	-2.491518572614636	1.0088925080947926	-0.37134603335704847	1.3660015896279465	-1.7935115966738113
Throt29	-4.767869993301726	0.6131874030814679	0.3933133261969168	-0.49437190073670856	0.5856050511908127	0.3471187584176743
Throt10604	9.116972439325346	-5.241092509424465	53.49075199487747	-49.022540824512674	-42.54877953630167	163.84320373625138
Throt20787	-2.729351198854138	0.6808423250254316	-0.0022403007248909144	0.23250272434691494	0.9206155285915839	0.18081039208368102
Throt979	-9.508102251453751	1.7668384367194017	0.37793729666407333	-0.131235622643591	-0.9706027804910637	0.8322446684965527
Throt1689	62.618907911715446	-5.202005171253089	1.5728528180811148	10.21054714432764	14.371746688051267	-4.379309767835822
Throt7354	-5.328180199526909	1.7407464968715958	0.9996096855492598	0.49973930890832813	-0.8211305660665505	0.36569291980312274
Throt1660	4.6916662397401385	-1.0675262852852725	0.15522787790198897	1.3498878717521166	0.9907541297916106	-0.479379586294706
Throt8435	1.132020565572061	-1.2822431202997528	0.4769987800910464	0.5107568523283944	-0.22971213563280682	0.2261924009543514
Throt914	-12.008991725426068	1.9400537756851046	0.11159314454081402	-0.7984357220741388	-0.9732715288941874	0.583116833871756
Throt8943	0.3274404502633579	-1.6203189912690072	0.40311308099352317	0.6512851678931671	0.8827182344696839	0.16585390485188142
Throt752	-5.137233735346528	1.2285058864809046	0.5938213877362819	-0.008973623475384903	0.8407670920013557	0.16629503575400104
Throt180	-4.396710073679552	1.4162404130037995	0.703012094782612	-1.0601045956056596	0.42145032102601626	0.3423180208604134
Throt7353	-7.450877084237269	2.3611775064977834	0.8384082764508703	-0.13583059799141517	-1.1706983886677664	0.06652090858376156
Throt465	-2.654268836105042	1.873449407585191	1.149669133165267	0.6893978506079956	0.3238315589286599	0.5086094750880613
Throt187	13.321566906925733	-1.8615165449088844	1.2422429213115873	3.9550382078924557	3.3030647579378405	-0.5741852744239263
Throt7087	47.230698788247665	-5.192232371431763	3.1040437355064476	5.476310443553091	8.481106893566796	-0.4945632534649916
Throt2923	-22.505895975342202	2.693783201667817	-0.17065392382824027	-3.752141079418267	-4.077204887848169	1.4284020179844947
Throt20004	0.37765258185589334	-2.203596660821787	0.720876404116094	0.8894206850676375	1.362237120953369	0.145274505732532
Throt728	23.384233518171047	-3.155817665135187	1.8015715680123534	3.484967221669406	4.31970997811645	0.17194752662554624
Throt9524	1.0923227274750429	-1.3032957533027947	0.24746292996165065	0.6349881987947549	-0.4164037315032317	0.4642002453942468
Throt348	-1.3273397717491304	1.0348732807935979	0.5514166074491625	0.26861353661794113	0.8368004158935923	0.27288828957570443
Throt13123	0.3350695514821919	-2.6680747131639744	0.7327727895889513	1.082543638123287	1.4651508580235857	-0.030716270635455446
Throt3970	-27.544516817625315	3.187306759889461	-1.6937467928142886	-2.4081103800659385	-3.5471363130255384	-0.25074736759469185
Throt102	3.292613072666347	-5.816726562187565	-0.14515898875285563	9.0515400795991	3.596679821116358	-0.6970415311690307
Throt341	-29.40106054847245	0.6618917435873505	-0.01917437312900164	-4.840965829516158	-0.2520543458767814	0.29054069605422767
Throt18730	0.7022312383512319	-2.798619306256891	0.25571835415240063	0.8460460461980523	1.0516627180546743	0.16428324226538288
Throt6055	44.60218219344141	-4.66045098392888	3.0243354317316102	5.239806843722416	9.274746282851927	-0.6593782670092303
Throt60	-4.018338341963407	1.0679168175560025	0.39272050305855505	-0.3596344072736669	0.6022022539640355	0.4466909839908434
Throt4092	-22.362850944749695	2.695178187046462	-1.1060923487357879	-2.0666733890775895	-2.6442194000854307	0.33900481992937903
Throt3133	1.0331565044938604	1.3118379077320756	1.2430980630184865	1.3518460286137026	1.2418824682492626	0.9140845136456764
Throt45	-7.944251591616191	1.2719945857162747	0.678235587853849	-1.2067349428194099	0.5109421917554182	0.3502797835360083
Throt51	-11.001644491505544	1.8485968680134899	0.7385041080058465	-1.4910487293191979	0.3608232617597098	0.1419007194163798
Throt21	-11.460018262877442	0.21500796895656812	1.1349273979631873	-1.0976062034035556	0.8982498967909633	-0.23671177868567506
Throt15784	0.9053973892458124	-1.0086388202245913	0.34270651459457074	0.4985403086106288	-0.14405773435107425	0.23206010764826432
Throt6530	-31.400425462585776	4.375388058773543	-1.3694654124977017	-2.641745731813238	-2.9033941703129766	-0.3469098056087456
Throt14148	94.45741528188017	-6.230053249972303	4.965012461307203	8.237901708890103	13.349131830267075	5.144627214744087
Throt28	-5.934111107379462	1.3952607972731839	0.5858525957535927	-1.2172714313702928	0.3443153039787707	0.42365563098700765
Throt519	-13.678070268156226	2.9751535048234903	0.34468421790638243	-1.3260484468225964	-2.5914627295129775	0.7389179691516835
Throt518	-15.124211212778636	2.727734606449428	0.0941241184033323	-1.4835894410132813	-3.4530017977149017	0.5379911792601683
Throt17392	0.4692546004950058	-1.3546024806470862	0.17386424839640302	0.5635899105515875	0.7917326924761868	0.17470863964903172
Throt18044	19.612638658563107	-2.104598523439	0.27355179553001174	3.5382384421399222	3.3221943537420944	-0.8342715538398133
Throt18045	-13.75871254001721	2.001042549672515	0.48646904530218726	0.010754811931331893	0.014593810558399483	0.46016208975469114
Throt6437	-14.03835552508161	1.9640343573115717	-0.017096633412609957	-1.0168752943891142	-1.99175077695009	0.626032589755294
Throt14776	0.5377104509727646	-1.3187977410499887	0.21840499500465493	0.5057443632250674	0.8227391866262083	0.23827547463455334
Throt1269	10.395805626650827	-1.6921868934957265	0.31598819680735935	3.094315855990084	2.6259102123178146	-0.7242864009131134
Throt729	-21.26843858087554	2.2587012384574963	-0.6206876300059356	-2.4362372316765106	-2.2116007365674126	0.44723177238368783
Throt6345	0.7789303794489261	-1.4483986649648701	0.5281890583168886	0.6641191716337259	0.40333029097270473	0.19988030850818234
Throt195	-47.93170508020562	6.194823066166676	-2.6868950952266997	-5.253572937173889	-5.780115090341407	0.0810822870759213
Throt923	-28.28834547908234	4.066983405123278	-0.5263280023937345	-0.8990565576575269	-0.5346906360551588	0.41047451573767363
Throt10068	0.3401585923049883	-1.522291085405499	0.3497835315744583	0.6796404840465129	0.8205285951954431	0.2397431481075769
Throt9692	0.5406553887497253	-1.2741399760722336	0.23206857326596406	0.44942269736245605	0.8484611536770471	0.31683199614844115
Throt316	-2.98034736108582	1.3584068962475488	0.36879925161127075	-0.0002459786448439212	0.21082887872038997	0.4639759658221311
Throt359	-5.5668414926253345	1.7840279997825759	0.24056923913560224	-0.6163971332922868	-0.20105894509015096	0.663652934148596
Throt14050	0.8418580829141289	-1.3871969817292555	0.4434792808627057	0.6508451849492152	0.0953330696009084	0.1801395261919827
Throt14811	0.7140001180138053	-1.3682109645849592	0.34585721559593696	0.6283909145936796	0.45913111978918825	0.14652478531672478
Throt14956	0.6186813061102371	-1.3878002250895218	0.15725786007090903	0.47203670341918985	0.9305797057708438	0.30351098817609135
Throt6601	0.5508118128219078	-2.0139810104317144	0.017525420536054933	0.5532599222019557	0.9911854060146512	0.12953102566137195
Throt3083	0.9231554952533856	0.7937382207175763	-0.13859627671234123	0.7240655962482326	1.3412904853892829	-0.289899245491351
Throt1919	-71.92773437304228	7.634837625024669	-3.6698695387445084	-6.225115784395316	-8.007964349963638	0.7074586662335556
Throt18754	0.5550616286525399	-2.458859495409568	-0.17395119872193135	0.43705215493716554	0.922559314395574	0.08137467660619117
Throt2788	10.470879138762665	-0.8053268259627074	1.0621426949328125	2.6394260064147437	3.0738117795157427	-0.06640582418944597
Throt41	-3.314968301825259	1.2349013084334075	0.5440118874559159	-0.7904405189013787	0.4075106880865576	0.3973576965977258
Throt9951	0.6388981719671274	-1.7242283236923788	-0.09906482527502194	0.4604174122147446	0.8555345698338548	0.38817028261637104
Throt3330	-1.6183950841685775	1.7706824699570711	1.0986958178776078	0.6714050863262132	0.9696321300633572	0.2500903832048068
Throt19100	0.6874582813100877	-1.8348674225248327	-0.014332677596511053	0.5846811838642135	0.9678643236353627	0.16607085324199644
Throt520	-17.070508826917575	2.948166649555823	0.02919748528614533	-1.5268170987926672	-3.6254023407062417	0.5521103116371682
Throt74	-2.6056018542922637	1.291970196604184	0.03638924789058544	-0.5041894934808392	0.8516485921139885	0.3024522407830662
Throt2740	21.935468938220627	-1.1119823527886417	0.7220352101763626	4.0448150696189415	1.8725927557955913	-2.732281079596517
Throt619	-7.74187850474422	2.0797768757537503	0.8960265878717298	-1.1789884005934985	0.8322195108302419	-0.03687710351012162
Throt1168	-249.39641651206776	20.76709267335688	-13.400947397683732	-12.742436044093472	-23.101223615238126	1.8262303856865738
Throt12849	-5.198842457695793	1.4822551883110775	0.2935647033338533	-0.36128667327647396	-1.731903952434444	0.681808446977007
Throt445	-12.222247189067664	2.3946794752290868	0.57492027443801	-0.5715895309645121	-2.118374434382398	0.4373844440820782
Throt446	-16.219501785771197	2.381793379201593	0.20047675876718726	-1.1239943050501946	-2.764836785662638	0.2098466096808865
Throt13301	0.41962491544245323	-1.195277415114292	0.41996704328582873	0.6195286784698307	0.7464126905278529	0.15232560641917223
Throt14080	0.5238861417109599	-3.5592795577176704	-0.31002975266277943	0.18660039366545486	1.075834812994732	0.15377790506469827
Throt17131	1.1070445041000148	-0.7533210186034407	0.45265179835257263	0.3974706875827616	-0.1668197263171232	0.4545456042640046
Throt209	-7.861599448762262	1.9938180671657455	-0.008508461857036916	-0.7872681347272829	-0.5404659542230155	0.8851271390236993
Throt14636	0.5206028330396608	-1.6763157831681177	0.06852366757861128	0.4531496501164444	0.8352503568590928	0.2012334645447149
Throt614	-25.043079700371663	2.1344983600569383	-0.5192182460758615	-1.878252072188733	-2.6182850516868124	0.39643815857760845
Throt6130	0.5831074239613335	-2.4296656066064304	-0.10767102554124379	0.5502949173354683	0.8569878948382317	0.012183020080810451
Throt11057	-1.793218963348566	1.0887118314892543	0.53789577715327	-3.4726349133257073	0.7486197755081129	0.2086146065672116
Throt4336	20.55309946339209	-0.5211808313588452	1.337206376068095	4.282644094646662	4.8339101433640925	-0.48452589140331637
Throt14946	1.2658802765449644	-0.6987131087963335	0.584587150302102	0.4362358887908265	-0.29813233141972645	0.7075294438805518
Throt9348	1.242052616596105	1.5205099993548674	1.1725540046429055	1.538856626895024	1.4244380935832008	0.4017200502321409
Throt7127	1.0819514044843375	-0.7074574013572085	0.41413635766725493	0.5887888597212525	-0.05335733847171957	0.23424291008932582
Throt19427	0.8712086105474071	-1.3165807433981636	0.6422330327516108	0.49709683326274356	0.9411879620036349	0.6618799554657141
Throt3481	1.019757815850197	-1.2718105040081031	0.20193581647869735	0.25290832899361904	1.0918052527755209	0.7988385828842426
Throt11691	-18.51527363565433	2.8112577423421024	-0.666617276038955	-1.8698647568692706	-5.2745020502763404	0.2915694319064164
Throt13910	0.5221878758760717	-1.29791139745073	0.35798411075267483	0.5496994585762	0.8416310562683208	0.26080009623598155
