geneID	S1	S2	S3	S4	S5	Control
Throt1714	0.10255713998794942	0.41011838763904307	0.7881654987145108	0.42559596764837315	0.8582342133255975	0.04174259161204332
Throt1082	-0.23890944991848484	1.0546863704240064	0.021451324277172144	0.04824039877352682	0.18111467343080948	-0.043670619116029895
Throt439	0.9003171526882426	0.8130732969536054	0.6153638874266362	0.6820881504895189	1.4496399237317548	0.0675419898611568
Throt533	0.22815216686678647	0.2993215053683209	-0.1310403642644629	0.27614049521899786	-0.13672897459647218	0.0356222041808145
Throt431	1.5721430665310592	-0.019820344739059845	0.3602774804496241	1.1505135836455795	1.3607600234602244	-0.03490264828117635
Throt789	0.20488558626125167	0.9446912452660227	0.19800075048744403	0.7268652098242459	0.4853576693457636	0.10730055911410978
Throt5219	0.35217535327525124	0.2614372357711504	0.006235532392255331	0.3200682943710708	-0.08949217182433698	0.08207639664441958
Throt232	0.0	0.03740779768177029	0.024712843717368607	0.0	0.0	0.0
Throt703	7.491399513534612	-0.4022816089003216	0.9527491961175497	3.0234573527984896	2.839816159610367	-0.3865744107609137
Throt2811	48.04102653375326	65.842390867547	2.331136545225454	13.429012289629881	-0.15396858693404208	0.08017762227530907
Throt62	5.325849367702935	-0.09468979312074274	0.5866566689921234	2.3562585178548314	2.1371385743646196	-0.05063470619350034
Throt63	5.991187119276426	0.30499546919742304	0.2724842975855727	0.7669781224589155	0.7098556747432159	0.1968376805312567
Throt13505	-0.2677141278032246	0.24090612446547296	0.1018031579805279	-0.1960475806890479	-0.16723368295638802	0.03455071372906231
Throt67	5.304727888107837	-0.08162236917078516	0.51779671770345	1.4378247093967165	1.367051177976227	0.047963046632578187
Throt64	5.162778096611648	-0.04974030245541885	0.5506389242269881	1.8197389234434944	1.6203359989590256	0.08572450809713326
Throt2313	-0.05949263673879802	0.11282599891533375	-0.05949263673879802	-0.05949263673879802	0.2341646206991747	0.14380854148749078
Throt138	0.8270878575740126	3.0084142441574517	0.5934470561299016	0.5698988891243758	1.4297004297304954	-0.019082317720362302
Throt1964	0.27249207380791063	1.8282471531802365	0.34572977068765753	0.49152116178148203	0.42205349593449554	0.30090348263995587
Throt69	9.710202519645238	0.8158752138624127	0.5200864226815735	1.096737891456079	0.7941224497248953	0.17425324709389176
Throt16011	0.0	0.40285320580368	0.07603951913036493	0.0	0.0	0.0
Throt10557	61.01357449602753	69.36528828765196	2.7203998071549114	16.69980233611503	-0.21607600223172457	-0.03498326311000713
Throt2013	0.033609467455621295	0.6330550376914972	0.038019759565182464	0.09611154353785238	0.06129672796339464	0.25461717769410075
Throt5838	19.79122383827326	30.009048737532368	1.8037229737424607	9.14931220555818	-0.09843473095219846	0.04370042348524076
Throt739	62.97112634156405	113.87917140772728	2.900777554333887	20.473774387106694	-0.03984748761892022	0.08864317148725648
Throt2249	0.0	0.0	0.0	0.0	0.0	0.0
Throt1706	0.42841018714923834	0.2240975741478338	-0.06202595397708556	0.31089077636939066	-0.13197651094254223	0.08749198287185467
Throt12478	0.11916083916083914	0.06801417760321869	0.0	0.0	0.0	0.0
Throt380	1.2089532325981982	0.038129733275250086	0.10485151031391969	0.6242248961676674	0.7799880957920686	0.04771548790027886
Throt109	9.670990126683181	1.7305479707766795	0.642926178284666	0.8552672951233784	0.8052718435088737	0.30666615909614536
Throt2963	0.27704226776073065	0.30064380413443725	-0.10667219304449914	0.28657408623909836	-0.1968596484563801	-0.021682730076707075
Throt1536	0.11103705583151272	0.996768377428846	0.2390372553044306	0.7804602862793827	0.3838844469309572	-0.15321671665062636
Throt7408	0.12850678733031676	0.26405504245955497	0.377961139206814	0.14699412541083304	0.6562355581963425	0.12980483568718862
Throt1559	-0.18700135121089287	-0.15268726899107363	-0.19163306366638444	-0.15239888290632028	1.0252675737032875	-0.1901116010875911
Throt1154	4.17062937062937	4.4889357218124335	0.35945954497990695	1.590209174899012	0.6519742883379247	0.40121494666949215
Throt210	-0.02499625245474683	0.10181208884048307	-0.07729573784769475	-0.07729573784769475	-0.07729573784769475	-0.07729573784769475
Throt11734	0.11916083916083914	0.40808506561931224	0.0	0.11358636963564371	0.07244158759310275	0.10030373666737304
Throt1254	0.025761418161202445	0.7297887547531108	0.34572977068765753	0.6326341632512227	0.8720392595999285	0.30090348263995587
Throt1121	-0.16325798816568063	4.467965773688905	-0.09609494230099874	0.3389133304003521	-0.016473495640162435	0.09585275835275828
Throt3125	0.3972027972027972	0.8161701312386245	0.22466221561244187	0.22717273927128742	0.07244158759310275	0.0
Throt302	3.4995719743876665	6.336998716450634	0.2839360817987664	4.274808932586065	-0.010726944371980207	-0.07793079244601007
Throt16900	0.4763871459166171	0.04983706523318774	0.08280123139486899	0.1754775846242604	0.4213435412333619	0.3296981953211796
Throt8108	0.832429138801148	0.06286512531720008	0.12811942682285277	0.6060136706161252	-0.010447944717926696	-0.020432747166740598
Throt3778	0.10280542986425338	0.22004586871629578	0.2035175364959768	0.22049118811624954	0.0937479368851918	0.06490241784359431
Throt305	20.585692231374324	30.63944109696573	2.312536181051518	20.674741708338917	0.4667299933404391	0.37120770236779027
Throt144	4.885986586562143	-0.18803197083322118	0.4048735037481391	1.1597845344651356	1.0728071402363997	0.11817845433958395
Throt200	0.5029079433159902	1.0495515217148554	0.5920199915654244	1.608847559233808	1.0652872246409395	0.6467994226587606
Throt147	0.29569715385514295	0.19518076023765243	-0.0863838058436707	0.39265923524547097	-0.1386532877486561	-0.014034245203420042
Throt99	0.3384496707377196	0.3593299216498719	-0.0033107147525477457	0.44543276809622145	-0.11284619922030277	0.026763124876799476
Throt98	6.238046971728951	-0.22243644126653314	0.5249101314394383	1.9969977688529796	1.5597816938053537	0.02985714396425752
Throt148	0.31188575402154584	0.33185821712753655	-0.06208718292792802	0.5067925456832044	-0.12426559502483181	-0.051241119656741316
Throt91	5.653801168552703	-0.11805107842775703	0.4705086281240445	1.25807692182564	1.0829515640912553	0.0608750186887274
Throt2274	0.039720279720279715	0.7481559536354058	0.04493244312248837	0.5679318481782186	0.21732476277930823	0.30091121000211907
Throt17	4.0589877240657195	-0.013467066201769162	0.4607735303171265	1.9626261310904543	1.5845055877187253	0.003170280417439359
Throt4985	0.40779487179487184	0.4488935721812434	0.13180183315929925	1.1661533949259424	0.5312383090160869	0.07355607355607358
Throt1658	0.06026525198938992	0.5417681043566732	0.06817336197894788	0.04308448503420969	0.0274778435697976	0.07609248988559335
Throt12	4.437624235449581	-0.05078289887414792	0.4038877447830301	1.2296703318048454	1.1454141834801377	0.028205891205904644
Throt10	4.840398957606738	-0.08424450099504503	0.445123158831259	1.349541404219377	1.3697352668634895	0.01642301061231797
Throt10088	-0.11587163360748268	-0.03985736489955548	-0.06342018470322365	0.9543062009769334	0.9773762895808361	-0.025511956699526068
Throt18	4.152163889353742	-0.0677545480960467	0.4172296787943502	1.7236062778637766	1.3876575227697718	0.016057191744841458
Throt1303	0.17192788244421536	1.4372973476283377	0.0861954823018863	0.3377069988693032	0.09398431772860992	-0.031142022712096477
Throt93	0.2639313192878754	0.2668481445122895	-0.0836755009840778	0.35978089606504465	-0.1578999588808813	0.03513203899960213
Throt2971	0.21853657274081648	0.3304434562186451	-0.14875105627057436	0.39335542351814157	-0.16314878991256182	0.103696658023989
Throt881	0.04519893899204244	0.5933650666763564	0.08521670247368486	0.08616897006841938	0.137389217848988	0.07609248988559335
Throt669	6.875480815987865	7.248287909967747	1.038420670719354	11.101814822582018	0.06509847454102795	-0.2134702381154793
Throt882	5.620334920665016	-0.36000220009701706	0.715803589652009	1.7794959747298635	1.825642042743241	-0.09230235349246478
Throt557	11.451061734870587	1.2610896459488388	0.6632707641003925	0.1441628631424093	1.3278398442103534	0.14149277874749908
Throt556	-0.252288899586021	-0.17453851033496826	-0.19366951466918056	-0.009257502366299328	0.35895486642253444	-0.041427075219315525
Throt9065	0.10923076923076923	0.43642430628732004	0.49425687434737214	0.8329667106613873	0.19921436588103256	0.0
Throt2661	1.9866038911583466	-0.041877541284160075	-0.1564850184983692	0.041118828116863584	0.04191391361358362	-0.18304190558916036
Throt1025	-0.08528674526449087	0.42869718175538724	0.009078264363822643	-0.04751738304474115	-0.012899361729481387	0.1227037068817421
Throt59	4.973033302162667	-0.10792198186493687	0.5731153240684884	2.0085953398613037	1.566695618179468	-0.028104376358188476
Throt313	5.8903833781585	-0.3772911072989201	0.6357806695299157	1.4018994532356464	1.2980311079029025	0.06802459027866044
Throt157	8.883675547075258	-0.7185052350507873	0.22174808572605087	1.4991375738940673	1.676183248527231	-0.05882657302036897
Throt2177	-0.11052522726699503	2.795325673225058	-0.03120793791841574	0.06001737986204873	-0.13302730807063562	0.03744300104785374
Throt153	0.8379452565288937	1.960055790730328	1.209484587148479	2.091303689466578	2.044986269715463	0.08779102159974189
Throt89	0.26535496968625655	0.10410067381940517	-0.13004549797977705	0.19329634456933384	-0.3276166819650267	-0.0198574735486908
Throt12577	0.0	0.5985247629083248	0.06590091657964962	0.08329667106613874	0.5312383090160869	0.2942242942242943
Throt12578	0.0023966036225705873	-0.03655319746329964	0.3310883812213849	0.09835074032238052	0.6981740296224198	0.022336355745086803
Throt9310	0.12483516483516482	0.05343971097395755	0.38834468698722097	0.5354785997108917	0.7968574635241301	0.0
Throt86	29.206993706945127	0.23913414145724649	1.3983316506761845	5.0827035631855875	3.831372792764275	0.031837934082724
Throt1785	0.003772747690992922	0.7430677259205375	-0.059309416983002565	0.23635178306448268	0.15275182149559016	-0.08002798132409301
Throt80	0.2365126962659383	0.2506367410028819	-0.10095077873129399	0.3024516627700541	-0.23895422975036293	-0.08293824510269948
Throt15	4.860818428964422	-0.7383607201396643	0.13370564854759812	1.6106388168323604	1.7542344143199249	-0.16032082564409098
Throt82	1.0914552779092603	-0.07734536587637217	0.18592593740165314	0.5081746082228454	0.6080314139994842	0.01718791629579458
Throt3873	2.0039963967584455	7.807284707145186	2.1157319092306692	0.23305661027714067	1.431231715915045	1.1358260759451742
Throt7560	0.0	0.06801417760321869	0.0	0.0	0.0	0.10030373666737304
Throt798	0.2570135746606335	0.5281100849191099	0.2907393378513954	0.07349706270541652	0.2343698422129795	0.4543169249051603
Throt7563	-0.0822163680050951	0.5845679063375967	0.10656935414235093	0.0768630805151021	0.06996695964069961	-0.0822163680050951
Throt1418	0.029041350913799734	1.2037247325129534	0.043640780093202235	0.23594252903529933	0.01923918375876806	-0.0822163680050951
Throt7	3.441362408212339	-0.022425956573363062	0.4013830788069971	1.6201535518223593	1.410875943108378	0.05473153544787274
Throt631	0.28278479443919585	0.21650582610569205	-0.06597601839794275	0.3029211777834571	-0.14479509103902125	0.02042241156737451
Throt3	5.070735510804189	-0.4602794247097309	0.22873517503475296	1.2700841536168856	1.4651813332338148	0.008983523480580964
Throt1	23.401296068939146	2.1999411442279384	1.1133563244609417	1.2694268688793495	1.3245723086468415	0.1888631290275469
Throt7918	0.5825641025641025	0.8728486125746401	0.49425687434737214	0.10412083883267341	0.13280957725402173	0.0
Throt3303	0.0018879452284802174	0.20328205622643641	0.09136106644561649	-0.004118729754033192	0.1466919156297066	0.03560908877522461
Throt9	7.610538059553258	-0.07987024311693261	0.521365461754895	1.2869476272942306	1.389945476829859	0.04870888599000033
Throt564	-0.2137588438958302	1.7262321811450672	0.0043897569752363134	-0.07589238320454686	-0.1258322262888473	0.4558361671111935
Throt169	2.923111658674334	5.236524827494157	2.933063424851363	10.347780977833592	2.0110362920778773	-0.32221611316902005
Throt562	-0.6805498695118957	-0.6441716031455761	-0.43536268919556836	0.16137137054088357	-0.0015049399901725256	-0.029946668502520733
Throt488	2.539427069457116	-0.1522207093797883	0.5573555919663662	1.765219532535581	1.640063598884182	0.043054763485784346
Throt11176	0.16991452991452993	0.12469265893923431	0.027458715241520673	0.0	0.17707943633869563	0.06129672796339464
Throt7594	0.7864615384615384	1.945205479452055	0.3624550411880729	0.33318668426455494	0.21249532360643478	0.07355607355607358
Throt675	0.07781073620387943	2.9412195555516543	0.051953587260680806	0.1081909260923934	0.11858073957561305	0.08888860258613544
Throt1135	6.384263807867774	-0.21790233355003033	0.59741268817157	2.1376941754880785	2.0078569805766575	-0.09166401541873585
Throt6931	0.1947236639724491	0.9205333978242055	0.40148281554222637	0.4851037408690278	0.890489643775711	0.49856023049681947
Throt15604	0.07282051282051281	0.18703898840885147	0.0	0.0	0.06640478862701087	0.0
Throt6179	-0.05637241083665137	-0.09137951422220841	-0.070321948262714	-0.12575736541945126	0.32907461282872924	0.1611969892810896
Throt50	3.2890785377298997	-0.2176130231162872	0.4724943340452618	2.163323005371858	1.89950146485076	-0.1440332379984725
Throt2296	0.14473234585800476	-0.013864287223050083	0.15736355329313562	0.25241250937396137	0.6448263262000623	-0.01541180093319106
Throt360	15.453516379994076	0.22651404696862337	1.5149142265752562	5.215605129405017	2.174911601915417	-0.022295276519901153
Throt17515	0.33309387619089487	0.2446400871826976	-0.07159966766139186	0.523888725663621	-0.22260996293065102	-0.18124919313210866
Throt363	0.8978779255296314	3.1868235108147247	0.5000249310829629	0.604170228976117	1.5436895964719561	-0.010960478014909814
Throt5570	0.7365274725274725	0.5557729941291586	0.2965541246084233	0.2141914398843567	0.09106942440275775	0.06304806304806305
Throt4474	0.0	0.0	0.0	0.0	0.0	0.1838901838901839
Throt33	4.903773736527352	-0.06779877189156774	0.4937189598258209	1.2723472304473986	1.2477626852228851	0.06869464194654785
Throt32	3.9370961967700615	-0.11857303946873415	0.538115522341271	1.9440735502635824	1.5719131531870063	0.0003537059119533239
Throt14860	0.3411283413285559	0.3184219603475068	-0.018663904307378135	0.3100740100551823	-0.11295043366442631	0.15146512584243493
Throt16351	0.3442885161388072	0.3526974623399981	-0.1057529761754087	0.3560856559795921	-0.05736843265632824	0.1564576424563398
Throt801	0.12726156297920266	1.3089721831416141	0.27387059008858083	0.14716981810046317	0.11606074355971202	0.027835111145915237
Throt800	0.02257446548860525	0.13971156049919362	-0.06390854776826402	-0.06390854776826402	-0.06390854776826402	-0.06390854776826402
Throt1730	-0.2137588438958302	3.294735563093027	0.0861954823018863	0.3377069988693032	0.13794762653210144	-0.15288657016791896
Throt68	4.970341240817134	-0.09330863268728877	0.5088647543383683	1.4399526421357498	1.365477952492502	0.05002024276998984
Throt579	0.09707015520728964	1.567192742888027	0.004698637146379654	0.2752005959825494	0.04657340701488249	0.02248144699942104
Throt901	0.2032645291348227	-0.03963526481856834	0.23028156577239478	0.11845839404894234	0.777719138641348	0.03993183425925176
Throt1208	0.3785031532436232	1.4840054255269393	0.5043872045396095	1.2864442272149277	0.6294757848282654	0.16843956739518104
Throt904	10.796944657422339	0.8110781908997807	1.258379806444497	4.753065899584723	2.2586472799980193	0.264248943158175
Throt277	0.24447705641042464	0.3503224030286272	-0.18378707099799735	0.3730031864147084	-0.20494728369786303	0.0020157182164954927
Throt740	60.669046235982876	101.95358717412954	2.1421077408625075	15.05493918537725	0.004511058883710885	0.14099386481001847
Throt741	48.07758958790894	80.19105980941642	2.3200045037671106	16.843593248309112	-0.054965190294194145	0.060714923720726295
Throt2355	0.4369230769230769	1.1222339304531086	0.5354449472096532	0.8329667106613873	0.46483352038907594	0.4597254597254598
Throt132	0.2232843186089821	0.28291972149996236	-0.18552984672145034	0.3117485987424341	-0.2553291780368306	-0.10205778552349166
Throt3427	71.24179909327546	119.12670349908959	3.308999014817792	18.204300516382933	-0.11802011583030872	-0.0017603044899661014
Throt1068	0.0	0.12469265893923429	0.08237614572456202	0.0	0.09960718294051628	0.0
Throt1042	7.518641106952096	0.25227049738984536	0.9489731987469547	3.1223818631102707	1.8588345026107012	-0.02878700790127805
Throt478	-0.32513831442248115	-0.020445848591123847	-0.6276141850804491	1.9453821835059202	0.20196011802780678	-0.31111962233638074
Throt330	-0.11733716231081881	0.36411082313762855	-0.022878818133646957	-0.2137588438958302	-0.16979553509233875	0.029730251015814765
Throt176	5.251022827827137	-0.1723686120528304	0.5778550008709965	1.7639225297086965	1.6308393741350882	0.05971537175860483
Throt16885	0.06721893491124259	0.5179541217475885	0.0	0.2883346306135571	0.18389018389018388	0.16974478512940053
Throt173	1.1424216313429096	-0.5934156481909121	0.5176879998458985	1.4837219533655963	1.727841201797994	-0.21185602237688655
Throt4774	0.4011354981652012	0.42087981190110596	0.12884711722129405	0.37600883933531937	0.5512239986624926	0.22642823722931738
Throt22298	0.505919201957101	-0.4121356523904492	0.22517706686329875	1.2641247198880412	1.3404392256369317	0.075994543521373
Throt8482	0.0	0.13602835520643738	0.04493244312248837	0.0	0.07244158759310275	0.0
Throt13448	-0.04266693004548774	0.14948176233203306	0.030003038738113583	-0.1372532350116132	0.1723995068741485	0.2589337491969635
Throt8480	10.972356542237886	19.27749249197938	1.6560914061738667	24.084921408359886	-0.12657728730326176	0.022611762927145226
Throt5569	0.9674725274725275	0.5165838727482565	0.37657666616942637	0.3272369220455451	0.09486398375287267	0.0
Throt10727	-0.2167483925130221	0.19132499373366937	0.4675876934377471	-0.2167483925130221	-0.08301390453992007	-0.031577563011803915
Throt2522	0.0	1.3894324853228965	0.21182437472030236	0.0	0.0	0.0
Throt1840	-0.2510915142419875	0.04349911957586577	0.06686597611957523	0.057410263559564675	0.06418573735552685	0.19436876303787645
Throt8004	0.0	0.37407797681770294	0.08237614572456202	0.10412083883267341	0.06640478862701087	0.09194509194509196
Throt974	0.3920861991440037	1.5980694252569572	0.4621238516209947	0.4886862502292167	0.6556165254890469	0.2110206778902575
Throt6622	0.11624142221239146	0.30630148872895907	-0.09936382013442582	0.32305585244670143	-0.20517719240382298	-0.04902789187674036
Throt12516	0.25041263746347253	0.14284192089847011	-0.12228060124265903	0.23839018561670566	-0.10711095374948068	0.049788510056449374
Throt6586	0.35583125722236414	0.26702287682956305	-0.06070781469253337	0.342514485985968	-0.08616042427338695	0.11066136891729511
Throt3216	0.23464387464387468	0.8312843929282288	0.08237614572456205	0.06941389255511561	0.28037577420293475	0.0
Throt1725	-0.08987460801207864	0.13169622955208593	-0.021468257670417015	0.12698149093380773	0.09882782576142436	0.18907905809365463
Throt24	7.22795740450291	-0.035607805107212204	0.5648415018857849	2.288832795152542	1.7801178577242687	0.023827417340333702
Throt25	5.592763613999805	-0.0721976067063148	0.4806162941337785	2.007913368895011	1.6185747330712081	0.046181399234223895
Throt1532	-0.46236568692381846	-0.220964548756685	-0.3304875768591384	0.597176603444898	0.018106413614745423	-0.12958785668062936
Throt912	46.89607152605274	44.32919393590515	2.4194372869065517	15.22163024308628	-0.35134720795334456	-0.19459887963331934
Throt911	3.842279973662977	-0.015648666044994302	0.28752459411556347	1.0954852015624124	0.39891125847313963	0.07353174194348525
Throt228	0.27935618235570364	0.22026064937880802	-0.06427277063460013	0.2664218527604093	-0.11574865756247404	0.06313500336687503
Throt1987	0.059180896974537454	1.5471128926188356	0.40952379211898077	0.426778118228668	0.31486940538520586	-0.0721197535544772
Throt165	6.323229680377999	17.562774523371058	0.997073939691539	1.6522762012062193	0.22473751654409815	-0.006797201352142714
Throt616	0.05382933479815725	0.8258301122553733	0.36780447234673125	0.20056876864546933	0.43148568915123925	0.08169362201828062
Throt3428	81.92049109181934	139.3089171774386	3.6488382518819207	19.713355429339693	-0.34858659587947266	-0.149591586822094
Throt16899	0.46742746088252884	0.04889975109417268	0.081243941362819	0.17217727750587494	0.39843213943674927	0.32349737312917587
Throt19296	-0.1483028720626632	-0.0623919090316315	0.36249805745215896	-0.004828162134904131	0.5379724134293327	-0.021605896279525524
Throt3731	0.10923076923076923	1.246926589392343	0.6178210929342152	0.5206041941633671	1.1952861952861955	0.5516705516705517
Throt2925	0.07282051282051281	0.7481559536354059	0.12356421858684304	0.0	0.0	0.0
Throt5301	0.15888111888111886	0.3400708880160935	0.5841217605923489	0.22717273927128742	0.8692990511172329	0.5015186833368652
Throt8191	0.05043448372587328	0.26505635541855777	0.038711986511889396	0.13873865810713024	0.37705491956795223	0.0516805981483314
Throt10917	0.06241758241758241	0.5343971097395755	0.3177365620804536	0.26773929985544587	0.22767356100689437	0.31524031524031526
Throt6117	0.04131524173697064	0.22181848812739532	0.3455788046536525	0.2602227661019708	0.41226158135126745	0.1161913924979697
Throt5510	1.024727259097243	48.26702251359097	0.719270688130315	0.9521380364876739	-0.18576134346599837	-0.21280618792657316
Throt342	0.08180353587627998	0.07861742475412699	0.08627634572084107	0.10152679723661215	0.10238214248623563	0.10510130297909442
Throt6954	0.058256410256410256	0.2992623814541624	0.19770274973894889	0.16659334213227747	0.10624766180321739	0.07355607355607358
Throt2322	0.0	0.06234632946961714	0.0	0.0	0.0	0.0
Throt6057	-0.0822163680050951	0.060665976496910294	-0.0822163680050951	-0.0822163680050951	-0.0822163680050951	0.05826054982179234
Throt2437	-0.10115779187416678	0.29069551077539313	0.06044705258148879	0.2917856169740532	0.09627201424468639	0.0168340557741178
Throt550	-0.0822163680050951	0.1082934246642454	-0.0822163680050951	-0.0822163680050951	-0.0822163680050951	-0.0822163680050951
Throt122	7.266096068622865	-0.34175171192557463	0.6533390251983847	2.088840463871747	1.9999489701112236	-0.024626765427244967
Throt1235	0.29128205128205126	2.5354173984310977	0.3020458676567274	0.5553111404409249	0.04426985908467391	2.2679789346456016
Throt282	-0.14116932063056647	5.164826187031517	0.1481839962209661	0.3869967882991727	0.49270245396748885	0.08557751538960477
Throt4941	0.023147174245261415	0.16223654565784965	0.2855670904648977	-0.0655298922448603	0.4600882417629459	0.38233407992747165
Throt5475	0.2930353804611231	2.426161675703925	-0.03419981747565634	-0.061924252258045875	0.107631343942475	-0.18304190558916036
Throt4099	0.31208791208791214	0.8550353755833208	0.3530406245338373	0.35698573314059456	0.45534712201378874	0.0
Throt3882	-0.12202034949505865	0.5906778371015995	0.22091322591922619	-0.11658087430328298	0.5539147748800983	0.8199826189083501
Throt54	0.27504954543514093	0.32600892983491775	-0.04272800724219992	0.4222643770045231	-0.12426044013289361	0.037952989616293294
Throt1127	0.20616231111032918	0.26290992597122315	-0.1920495746933694	0.35567034697807365	-0.24129108567873503	-0.16566695747605925
Throt8012	-0.025351853677519784	0.7607017593739394	0.5775187372812761	-0.0012473430675671378	0.2453622225628971	-0.03831365935919056
Throt12632	0.3214051022446539	0.1673827099846347	0.1267608603812564	0.3491116518501262	0.4041914825584001	0.5437638963821537
Throt1584	-0.027357277372930745	0.028110395256353105	-0.027357277372930745	-0.027357277372930745	-0.027357277372930745	-0.027357277372930745
Throt1585	-0.040097985923347894	-0.0284837247213666	-0.040097985923347894	-0.040097985923347894	-0.040097985923347894	-0.040097985923347894
Throt1586	0.058256410256410256	0.34913944502985605	0.06590091657964962	0.33318668426455494	0.3187429854096521	0.0
Throt217	7.050249107394901	14.919871298326582	2.955676360618133	7.200075907590903	1.1010211261712797	-0.16792928928490602
Throt4925	0.6655293091244301	2.49657491026592	0.44348792513129287	0.38537856375988006	0.4640519532214139	0.14355475943321017
Throt511	-0.03407517804084333	0.7613209296435824	0.140428347990541	0.044814732593829995	0.4396151720901365	0.09802214952429547
Throt1583	-0.03793849688744023	0.006016589864657282	-0.03793849688744023	-0.03793849688744023	-0.03793849688744023	-0.027134721355779903
Throt8507	-0.009391913902232851	0.2918670473426443	0.0439757469869616	0.0274738363478934	0.03303615986542817	-0.03488344051195834
Throt8505	0.23569407351792043	0.2518828999640501	-0.19962144776753174	0.4498325118896774	-0.21483123881308364	0.047602490561273816
Throt455	23.81979797004716	19.733552160546417	3.6463406598220334	4.767504306797632	0.6016430992527563	-0.08302750593894367
Throt1026	-0.1501786946851753	0.7137771166404446	-0.13671084603084985	-0.05714708053577941	-0.06562923063421572	0.09275702695443475
Throt16732	-0.12651179366104642	0.1666382951278272	0.04294487531080251	-0.0653152617075398	0.5760120302294615	0.143689677066072
Throt3954	0.17874125874125874	0.3060637992144841	0.08986488624497674	0.2839659240891093	0.10866238138965412	0.0
Throt591	0.8925121265287969	-0.04518669417369466	-0.015466692270673122	0.4659059500238651	0.26700614346867113	0.06973322250908584
Throt5543	0.0	0.6121275984289682	0.08986488624497674	0.3407591089069311	0.0	0.10030373666737304
Throt292	0.11916083916083914	0.13602835520643738	0.2695946587349302	0.11358636963564371	0.289766350372411	0.20060747333474607
Throt3530	0.29523884911757986	0.5163207547040424	-0.1383071390544418	0.3663158144680463	-0.17380550703932332	-0.06705475778592111
Throt114	0.11014994386767872	0.3747996758732484	-0.2112843762833468	0.34532677665176786	-0.2791160684515473	-0.11686089530829046
Throt48	1.475137705566472	-0.4274079026319556	0.20522216397315318	1.1670816790002854	1.4034212273431863	0.034054048391012705
Throt6603	0.001516551150845851	0.4576451710234182	0.4234150397306686	0.19332362718635074	0.4313483603900838	0.37588059022253556
Throt4015	0.15888111888111886	0.06801417760321869	0.08986488624497674	0.11358636963564371	0.36220793796551376	0.0
Throt699	0.27607415666958296	0.2693235278233005	-0.10750757352032879	0.34885613845667424	-0.185285358050582	-0.0005827078833720384
Throt855	0.0	0.6234632946961715	0.0	0.0	0.0	0.0
Throt3899	0.07944055944055943	0.4420921544209216	0.0	0.0	0.0	0.0
Throt858	-0.21530659892167106	1.3277552342601469	-0.15202711702223456	-0.0386334038454153	-0.06670782740248206	0.18793124345581932
Throt44	0.18018900907350702	0.3388295009878592	-0.17169971023526004	0.39854315510991006	-0.25437692082190694	-0.08026644180744763
Throt3333	0.3972027972027972	0.7481559536354058	0.17972977248995348	0.22717273927128742	0.0	0.10030373666737304
Throt4405	0.03708045660155124	0.35199931249664934	0.10152433923310579	0.6911764821809917	0.2898056844591749	-0.0224658149401593
Throt830	8.320518417119823	7.0157178974471135	0.73749653093434	16.34034082059826	-0.11156224651647062	-0.28084088917725764
Throt638	-0.6914926513503377	-0.6391224367941165	-0.44222024536758103	0.16442329363795202	0.006793498869598431	-0.013392773534262636
Throt1078	0.3804924690503317	4.3193533521927865	0.6950542024187277	1.0091184210612465	0.5909089716048828	-0.1016276379468215
Throt441	0.6990769230769232	8.17983842641377	1.7793247476505398	0.5830766974629712	0.7437336326225216	3.7513597513597525
Throt1077	0.5952096437999118	2.138178726953129	2.370444265351988	6.831157909412039	1.8590592193614768	-0.11315127573490191
Throt10204	1.252876259021643	0.1082934246642454	-0.019287793955946434	0.0768630805151021	0.01923918375876806	0.12849900873523606
Throt634	0.20044312326186547	0.3049709204669103	-0.16323401180681313	0.2647172932267747	-0.20258300329846346	-0.014218044587092403
Throt1177	-0.2137588438958302	1.0245332997472958	0.058926907193002996	0.1309073078323782	0.3577641705495586	-0.031142022712096477
Throt738	48.336036228306924	81.09722464447134	2.361770282758383	16.913980743860908	-0.03251979503756776	0.060714923720726295
Throt15888	0.0	0.2877522898597714	0.038019759565182464	0.0	0.24518691185357855	0.08487239256470026
Throt2108	0.0	1.028714436248683	0.0	0.23427188737351515	0.09960718294051629	0.0
Throt18467	0.18247817960131488	0.7516069636582275	0.12290949323407975	0.7219405449210744	-0.21329550034643194	-0.026838139645978046
Throt735	0.056855780643523465	0.013038528329575142	-0.05075208098052077	0.1564028047752007	-0.031488592123163524	-0.011977909091651383
Throt324	0.5711945595824229	2.2873992945369053	0.7595737121975525	1.9988341965313257	0.8623782965719351	0.033938499471294514
Throt81	0.9311642961792991	-0.05232061818473226	0.15570104883090957	0.5605670929387474	0.7017836451639182	0.00902519406354543
Throt77	3.084247180964844	0.1077622689956906	0.31620667905408817	0.9622392521576651	0.9356240733141926	0.182930626852032
Throt4136	2.3376390184808677	0.1082934246642454	0.043640780093202235	-0.0026766437449964996	0.42506139081422073	-0.0822163680050951
Throt70	2.390100037773094	0.08531561397467585	0.8158330957467697	2.044067057905847	2.0922904529747552	0.1856087837396249
Throt2305	0.35695110690966636	0.24943431828030946	0.2943346301419519	0.8293586364377626	1.0163405674027755	0.07895085131438372
Throt4887	0.278041958041958	1.088226841651499	0.17972977248995348	0.11358636963564371	0.21732476277930823	0.10030373666737304
Throt2146	1.565895520783087	0.17033494327236573	0.48766336090598456	0.9830367905477894	0.8030478528141987	0.19738246602487533
Throt79	10.171241740362374	0.47212599692882773	2.870676793151077	6.357606963975357	8.168263063797788	-0.09138232272965363
Throt123	0.2733850091308101	0.5152784407959663	-0.1468346942296911	0.5702170415199013	-0.13474750466178653	-0.04430972811897065
Throt2214	7.266599849758511	-0.3269564478087032	0.5628780852959436	2.2192119329274593	2.1578062940145797	-0.09465916210204646
Throt10358	-0.04498653571994298	0.059255184035752084	-0.04498653571994298	-0.04498653571994298	0.3019740143928328	0.1856087837396249
Throt4528	-0.0822163680050951	0.4416855618355913	-0.019287793955946434	-0.0822163680050951	-0.031488592123163524	-0.0822163680050951
Throt2797	0.0	0.24938531787846857	0.0	0.0	0.0	0.0
Throt3326	-0.274593219950165	2.7411808561830515	0.14338060838619868	0.28147536989456207	0.5156991905220317	-0.04994390228069594
Throt1522	-0.009662394389756641	0.2844607238476719	0.1980231558692853	-0.12031589483787039	0.2702181486081704	0.13195910705449956
Throt2641	0.28917837371562655	4.831448522663402	0.21033202274137813	1.0756070170538903	0.5813847342262859	0.3263510834059302
