S1	S2	S3	S4	S5	C
0.034595097735	0.015823766677	0.0366118523115	0.0235805150481	0.0493329196401	0.0383183369531
0.0414210363016	0.0200124107974	0.0508842693143	0.04452373565	0.0783431585479	0.0451442755197
0.0487123797704	0.0245113248526	0.0592615575551	0.077257213776	0.103630158238	0.0479367049333
0.0587961526528	0.0304064536146	0.0657772261868	0.115110145827	0.121160409556	0.0501085944772
0.0654669562519	0.0387837418554	0.071362085014	0.155445237357	0.136208501396	0.0522804840211
0.0400248215948	0.0159789016444	0.0439031957803	0.0263729444617	0.0597269624573	0.0446788706174
0.0491777846727	0.0210983555693	0.0609680421967	0.0487123797704	0.0995966490847	0.0529010238908
0.0592615575551	0.0260626745268	0.0710518150791	0.0876512565932	0.134346881787	0.0561588582066
0.0712069500465	0.0328886130934	0.0798945082222	0.131864722308	0.156531182128	0.0586410176854
0.0806701830593	0.0421967111387	0.0870307167235	0.176233322991	0.175302513186	0.0609680421967
0.0468507601613	0.0161340366119	0.0556934533044	0.0322680732237	0.0747750542972	0.0560037232392
0.0608129072293	0.0220291653739	0.0800496431896	0.0601923673596	0.12938256283	0.0670183059262
0.0749301892647	0.0283896990382	0.0938566552901	0.105646912814	0.172510083773	0.0726031647533
0.0885820663978	0.0361464474092	0.104250698107	0.159323611542	0.199503568104	0.0753955941669
0.0992863791499	0.0462302202917	0.111852311511	0.208501396215	0.223084083152	0.0786534284828
0.0589512876202	0.0170648464164	0.0792739683525	0.0432826559106	0.106732857586	0.0805150480918
0.0795842382873	0.0238907849829	0.109990691902	0.0798945082222	0.176078188024	0.0974247595408
0.0969593546385	0.0314923983866	0.12876202296	0.130778777536	0.230530561589	0.105026372944
0.112472851381	0.0411107663667	0.141172820354	0.190195470059	0.263419174682	0.108129072293
0.123642569035	0.0522804840211	0.150791188334	0.240614334471	0.289792119144	0.111542041576
0.0859447719516	0.0184610611232	0.126279863481	0.0615885820664	0.163977660565	0.127055538318
0.113403661185	0.0268383493639	0.167235494881	0.109059882097	0.25271486193	0.151566863171
0.13357120695	0.0369221222464	0.188799255352	0.166614955011	0.316785603475	0.161340366119
0.150791188334	0.0484021098356	0.203692212225	0.230685696556	0.354948805461	0.165684145206
0.162271175923	0.0598820974248	0.213465715172	0.281725100838	0.383028234564	0.16909711449
