S1	S2	S3	S4	S5	C
0.0904436860068	0.0693453304375	0.104405833075	0.168631709587	0.204157617127	0.0538318336953
0.055538318337	0.0622091219361	0.0527458889234	0.127520943221	0.112627986348	0.0201675457648
0.0364567173441	0.0521253490537	0.0335091529631	0.0941669252249	0.06438101148	0.0111697176544
0.0279242941359	0.0452994104871	0.022804840211	0.0626745268383	0.0411107663667	0.0079118833385
0.0220291653739	0.0403350915296	0.015823766677	0.0497983245424	0.0254421346572	0.00589512876202
0.0735339745579	0.0617437170338	0.093080980453	0.139621470679	0.168321439652	0.051504809184
0.0409556313993	0.055538318337	0.0442134657152	0.0999069190195	0.0876512565932	0.0192367359603
0.02466645982	0.0459199503568	0.0266832143965	0.0727582997208	0.0488675147378	0.0107043127521
0.0179956562209	0.0400248215948	0.0183059261558	0.0476264349984	0.0302513186472	0.00775674837108
0.0148929568725	0.0359913124418	0.012876202296	0.0387837418554	0.0183059261558	0.00589512876202
0.0589512876202	0.0539869686627	0.0786534284828	0.108594477195	0.129227427862	0.0439031957803
0.0311821284518	0.048557244803	0.0370772572138	0.0744647843624	0.063295066708	0.0144275519702
0.0189264660254	0.0403350915296	0.0232702451132	0.0538318336953	0.0328886130934	0.00822215327335
0.0139621470679	0.0353707725721	0.0164443065467	0.0381632019857	0.0190816009929	0.00558485882718
0.0121005274589	0.0321129382563	0.0114799875892	0.0341296928328	0.0119453924915	0.00465404902265
0.0459199503568	0.0442134657152	0.0615885820664	0.0820663977661	0.0912193608439	0.0350605026373
0.0248215947875	0.0397145516599	0.0263729444617	0.0566242631089	0.0400248215948	0.0114799875892
0.015823766677	0.032733478126	0.0175302513186	0.0414210363016	0.0209432206019	0.00729134346882
0.0127210673286	0.0296307787775	0.0127210673286	0.0314923983866	0.0130313372634	0.00496431895749
0.0113248526218	0.0274588892336	0.00977350294756	0.028699968973	0.00868755817561	0.00418864412038
0.0333540179957	0.0372323921812	0.0451442755197	0.0577102078809	0.0538318336953	0.0237356500155
0.0190816009929	0.0342848278002	0.0201675457648	0.0431275209432	0.0220291653739	0.00775674837108
0.012876202296	0.029785913745	0.0141172820354	0.034595097735	0.0125659323612	0.0057399937946
0.0114799875892	0.0285448340056	0.011790257524	0.0293205088427	0.00992863791499	0.00465404902265
0.0103940428173	0.0266832143965	0.00899782811046	0.0271486192988	0.00729134346882	0.00387837418554
