S1	S2	S3	S4	S5	C
0.780484021098	0.0293205088427	0.796152652808	0.197641948495	0.602233943531	0.892646602544
0.815389388768	0.0364567173441	0.847812596959	0.238752714862	0.69376357431	0.926310890475
0.834470989761	0.0465404902265	0.86704933292	0.272106732858	0.742010549178	0.935308718585
0.843003412969	0.053366428793	0.877753645672	0.303599131244	0.765280794291	0.938566552901
0.848898541731	0.0583307477505	0.884734719206	0.31647533354	0.780949426001	0.940583307478
0.775054297239	0.0291653738753	0.788861309339	0.194849519082	0.591839900714	0.88628606888
0.807632640397	0.0353707725721	0.837728824077	0.234564070742	0.672510083773	0.918554142104
0.823921811976	0.0449891405523	0.855259075396	0.26171269004	0.711293825628	0.927086565312
0.830592615576	0.0508842693143	0.863636363636	0.286844554763	0.729910021719	0.930034129693
0.833695314924	0.0549177784673	0.869066087496	0.295687247906	0.74185541421	0.931895749302
0.768228358672	0.0290102389078	0.777071051815	0.18895439032	0.576791808874	0.874961216258
0.795997517841	0.0344399627676	0.818647223084	0.223084083152	0.642724170028	0.904436860068
0.808253180267	0.042662116041	0.832454235185	0.243717033819	0.673130623643	0.910642258765
0.813217499224	0.0476264349984	0.839280173751	0.259385665529	0.686937635743	0.913279553211
0.815079118833	0.0508842693143	0.844244492709	0.263419174682	0.694073844244	0.914210363016
0.756127831213	0.0280794291033	0.753490536767	0.177939807633	0.544834005585	0.850449891406
0.777226186783	0.0325783431585	0.788706174372	0.20338194229	0.596028544834	0.874030406454
0.786224014893	0.0395594166925	0.797548867515	0.218585169097	0.615110145827	0.878219050574
0.789326714241	0.042662116041	0.802358051505	0.228513807012	0.623022029165	0.880546075085
0.790722928948	0.0448340055849	0.805305615886	0.231306236426	0.627365808253	0.881321749922
0.729134346882	0.0266832143965	0.706484641638	0.159633881477	0.487589202606	0.803909401179
0.743406763885	0.0296307787775	0.731461371393	0.174216568415	0.519391870928	0.819888302823
0.749612162581	0.0341296928328	0.737511635123	0.182748991623	0.52885510394	0.8219050574
0.751008377288	0.0353707725721	0.739838659634	0.188023580515	0.531492398387	0.822991002172
0.75209432206	0.0372323921812	0.742631089047	0.190195470059	0.534129692833	0.823766677009
