S1	S2	S3	S4	S5	C
0.0944771951598	0.885510394043	0.0628296618058	0.610145826869	0.144275519702	0.0152032268073
0.0876512565932	0.881321749922	0.048557244803	0.589202606267	0.115265280794	0.00837728824077
0.0803599131244	0.876822835867	0.0401799565622	0.556469128141	0.0899782811046	0.00558485882718
0.070276140242	0.870927707105	0.0336642879305	0.518616196091	0.0724480297859	0.00341296928328
0.0636053366429	0.862550418864	0.0280794291033	0.478281104561	0.057399937946	0.00124107973937
0.111386906609	0.893112007446	0.0741545144276	0.639156065777	0.180111697177	0.0175302513186
0.102233943531	0.887992553522	0.0570896680112	0.616816630469	0.140242010549	0.0093080980453
0.0921501706485	0.883028234564	0.0470058951288	0.577877753646	0.105491777847	0.00605026372944
0.080204778157	0.876202295998	0.0381632019857	0.53366428793	0.0833074775054	0.0035681042507
0.0707415451443	0.866894197952	0.0310269934843	0.489295687248	0.0645361464474	0.00124107973937
0.125969593546	0.900868755818	0.0885820663978	0.670183059262	0.219205708967	0.0251318647223
0.112007446478	0.894973627056	0.0642258765126	0.642258765126	0.164598200434	0.0141172820354
0.0978901644431	0.888613093391	0.050418864412	0.596804219671	0.121470679491	0.00853242320819
0.08423828731	0.88085634502	0.0400248215948	0.543127520943	0.0944771951598	0.0057399937946
0.0735339745579	0.870772572138	0.0324232081911	0.493949736271	0.0708966801117	0.00248215947875
0.13900093081	0.910642258765	0.105646912814	0.696711138691	0.257213775985	0.0339745578653
0.118367980143	0.903816320199	0.0749301892647	0.660099286379	0.187868445548	0.0170648464164
0.100992863791	0.896214706795	0.0561588582066	0.609215017065	0.133416071983	0.00946323301272
0.0854793670493	0.886596338815	0.0437480608129	0.549798324542	0.100527458889	0.00636053366429
0.074309649395	0.87542662116	0.0341296928328	0.49937946013	0.0741545144276	0.00294756438101
0.151566863171	0.917623332299	0.122091219361	0.721067328576	0.294601303134	0.0452994104871
0.124107973937	0.909246044058	0.0811355879615	0.673596028545	0.205864101769	0.0207880856345
0.103940428173	0.899162271176	0.0595718274899	0.616040955631	0.141793360223	0.0110145826869
0.0867204467887	0.887682283587	0.0446788706174	0.551970214086	0.103630158238	0.00667080359913
0.0752404591995	0.876202295998	0.0349053676699	0.500930809805	0.0755507291343	0.00325783431585
