S1	S2	S3	S4	S5	C
0.0241254523522	0.0639324487334	0.0289505428227	0.021712907117	0.0361881785283	0.0747889022919
0.0349819059107	0.0735826296743	0.0494571773221	0.0313630880579	0.0446320868516	0.0928829915561
0.0410132689988	0.0784077201448	0.0663449939686	0.0398069963812	0.0603136308806	0.115802171291
0.0458383594692	0.0916767189385	0.0892641737033	0.0482509047045	0.0723763570567	0.135102533172
0.0639324487334	0.103739445115	0.0977080820265	0.0723763570567	0.108564535585	0.174909529554
0.0265379975875	0.0663449939686	0.0711700844391	0.0361881785283	0.0410132689988	0.08082026538
0.037394451146	0.0759951749095	0.0989143546441	0.0482509047045	0.0506634499397	0.103739445115
0.043425814234	0.08082026538	0.121833534379	0.0566948130277	0.0663449939686	0.127864897467
0.0506634499397	0.0952955367913	0.149577804584	0.0687575392039	0.08082026538	0.149577804584
0.0699638118215	0.109770808203	0.16164053076	0.100120627262	0.123039806996	0.1917973462
0.0289505428227	0.0723763570567	0.0820265379976	0.0663449939686	0.0542822677925	0.086851628468
0.0398069963812	0.0856453558504	0.118214716526	0.0784077201448	0.065138721351	0.123039806996
0.0470446320869	0.0928829915561	0.145958986731	0.086851628468	0.08082026538	0.154402895054
0.0603136308806	0.11097708082	0.207478890229	0.104945717732	0.0989143546441	0.180940892642
0.0832328106152	0.125452352232	0.250904704463	0.144752714113	0.144752714113	0.227985524729
0.0349819059107	0.0747889022919	0.103739445115	0.0916767189385	0.0820265379976	0.101326899879
0.059107358263	0.0952955367913	0.15681544029	0.112183353438	0.0952955367913	0.158021712907
0.0735826296743	0.108564535585	0.193003618818	0.141133896261	0.117008443908	0.218335343788
0.104945717732	0.129071170084	0.271411338963	0.188178528347	0.139927623643	0.249698431846
0.133896260555	0.143546441496	0.326899879373	0.236429433052	0.18697225573	0.29794933655
0.0518697225573	0.101326899879	0.139927623643	0.10615199035	0.0989143546441	0.129071170084
0.10615199035	0.170084439083	0.209891435464	0.173703256936	0.118214716526	0.207478890229
0.129071170084	0.189384800965	0.26779252111	0.219541616405	0.150784077201	0.282267792521
0.162846803378	0.213510253317	0.352231604343	0.279855247286	0.177322074789	0.314837153197
0.196622436671	0.227985524729	0.413751507841	0.343787696019	0.225572979493	0.365500603136
