S1	S2	S3	S4	S5	C
0.4041013269	0.255729794934	0.135102533172	0.302774427021	0.334137515078	0.13148371532
0.393244873341	0.246079613993	0.114595898673	0.29312424608	0.325693606755	0.113389626055
0.387213510253	0.241254523522	0.0977080820265	0.284680337756	0.310012062726	0.0904704463209
0.382388419783	0.227985524729	0.0747889022919	0.276236429433	0.29794933655	0.0711700844391
0.364294330519	0.215922798552	0.0663449939686	0.252110977081	0.261761158022	0.0313630880579
0.462002412545	0.262967430639	0.180940892642	0.331724969843	0.389626055489	0.148371531966
0.451145958987	0.253317249698	0.153196622437	0.319662243667	0.379975874548	0.125452352232
0.445114595899	0.248492159228	0.130277442702	0.311218335344	0.364294330519	0.101326899879
0.437876960193	0.234016887817	0.102533172497	0.299155609168	0.349819059107	0.0796139927624
0.418576598311	0.219541616405	0.0904704463209	0.26779252111	0.307599517491	0.037394451146
0.499396863691	0.273823884198	0.305186972256	0.358262967431	0.413751507841	0.182147165259
0.488540410133	0.260554885404	0.268998793727	0.346200241255	0.402895054282	0.145958986731
0.481302774427	0.253317249698	0.241254523522	0.337756332931	0.387213510253	0.114595898673
0.468033775633	0.235223160434	0.179734620024	0.319662243667	0.369119420989	0.0880579010856
0.445114595899	0.220747889023	0.13630880579	0.279855247286	0.32328106152	0.0410132689988
0.554885404101	0.291917973462	0.417370325694	0.437876960193	0.442702050663	0.244873341375
0.530759951749	0.271411338963	0.364294330519	0.417370325694	0.42943305187	0.188178528347
0.516284680338	0.258142340169	0.32810615199	0.388419782871	0.407720144753	0.127864897467
0.48492159228	0.237635705669	0.249698431846	0.341375150784	0.384800965018	0.0965018094089
0.455971049457	0.223160434258	0.194209891435	0.29312424608	0.337756332931	0.0482509047045
0.603136308806	0.352231604343	0.474065138721	0.53558504222	0.474065138721	0.284680337756
0.548854041013	0.283474065139	0.4041013269	0.468033775633	0.45476477684	0.206272617612
0.525934861279	0.264173703257	0.346200241255	0.422195416164	0.422195416164	0.13148371532
0.492159227986	0.240048250905	0.261761158022	0.361881785283	0.395657418577	0.0989143546441
0.458383594692	0.225572979493	0.200241254524	0.29794933655	0.347406513872	0.0482509047045
