S1	S2	S3	S4	S5	C
0.29312424608	0.133896260555	0.469240048251	0.407720144753	0.334137515078	0.363088057901
0.230398069964	0.0699638118215	0.344993968637	0.329312424608	0.290711700844	0.151990349819
0.207478890229	0.0482509047045	0.279855247286	0.282267792521	0.155609167672	0.0627261761158
0.172496984318	0.0325693606755	0.209891435464	0.202653799759	0.13630880579	0.0422195416164
0.150784077201	0.0241254523522	0.144752714113	0.08082026538	0.115802171291	0.0265379975875
0.235223160434	0.126658624849	0.423401688782	0.37876960193	0.278648974668	0.346200241255
0.172496984318	0.0627261761158	0.306393244873	0.302774427021	0.236429433052	0.139927623643
0.149577804584	0.0410132689988	0.24728588661	0.255729794934	0.101326899879	0.0518697225573
0.117008443908	0.0265379975875	0.182147165259	0.179734620024	0.0844390832328	0.0337756332931
0.0965018094089	0.0205066344994	0.120627261761	0.065138721351	0.0699638118215	0.0205066344994
0.197828709288	0.115802171291	0.299155609168	0.352231604343	0.254523522316	0.312424607961
0.135102533172	0.0554885404101	0.190591073583	0.276236429433	0.213510253317	0.119420989144
0.113389626055	0.0361881785283	0.13630880579	0.229191797346	0.0784077201448	0.0386007237636
0.086851628468	0.0253317249698	0.104945717732	0.159227985525	0.065138721351	0.0253317249698
0.0699638118215	0.0193003618818	0.0747889022919	0.0530759951749	0.0542822677925	0.0168878166466
0.142340168878	0.0977080820265	0.18697225573	0.27261761158	0.225572979493	0.249698431846
0.0928829915561	0.0446320868516	0.0952955367913	0.205066344994	0.18697225573	0.0772014475271
0.0784077201448	0.0313630880579	0.0494571773221	0.178528347407	0.0579010856454	0.0253317249698
0.0699638118215	0.0229191797346	0.0349819059107	0.137515078408	0.0494571773221	0.0168878166466
0.059107358263	0.0168878166466	0.0168878166466	0.0398069963812	0.0398069963812	0.00965018094089
0.0940892641737	0.037394451146	0.130277442702	0.174909529554	0.194209891435	0.209891435464
0.0747889022919	0.0325693606755	0.0554885404101	0.154402895054	0.16164053076	0.059107358263
0.0687575392039	0.0253317249698	0.0313630880579	0.144752714113	0.043425814234	0.021712907117
0.0627261761158	0.0205066344994	0.0229191797346	0.117008443908	0.0386007237636	0.0144752714113
0.0566948130277	0.0144752714113	0.0108564535585	0.0349819059107	0.0301568154403	0.00965018094089
