S1	S2	S3	S4	S5	C
0.278648974668	0.546441495778	0.366706875754	0.26779252111	0.295536791315	0.430639324487
0.341375150784	0.610373944511	0.490952955368	0.346200241255	0.338962605549	0.641737032569
0.364294330519	0.632086851628	0.556091676719	0.393244873341	0.474065138721	0.731001206273
0.399276236429	0.647768395657	0.62605548854	0.472858866104	0.493365500603	0.751507840772
0.420989143546	0.656212303981	0.691194209891	0.594692400483	0.513872135103	0.767189384801
0.276236429433	0.544028950543	0.324487334138	0.253317249698	0.290711700844	0.424607961399
0.338962605549	0.607961399276	0.441495778046	0.329312424608	0.332931242461	0.630880579011
0.361881785283	0.629674306393	0.500603136309	0.376357056695	0.468033775633	0.718938480097
0.394451145959	0.644149577805	0.56574185766	0.452352231604	0.48492159228	0.737032569361
0.414957780458	0.650180940893	0.627261761158	0.566948130277	0.499396863691	0.750301568154
0.273823884198	0.537997587455	0.313630880579	0.223160434258	0.277442702051	0.418576598311
0.336550060314	0.598311218335	0.422195416164	0.299155609168	0.318455971049	0.611580217129
0.358262967431	0.617611580217	0.476477683957	0.346200241255	0.453558504222	0.692400482509
0.384800965018	0.628468033776	0.507840772014	0.416164053076	0.466827503016	0.705669481303
0.401688781665	0.634499396864	0.537997587455	0.522316043426	0.477683956574	0.714113389626
0.26779252111	0.53558504222	0.291917973462	0.197828709288	0.249698431846	0.4041013269
0.317249698432	0.588661037394	0.3835946924	0.265379975875	0.288299155609	0.576598311218
0.331724969843	0.601930036188	0.42943305187	0.291917973462	0.417370325694	0.628468033776
0.340168878166	0.610373944511	0.443908323281	0.332931242461	0.425814234017	0.636911942099
0.351025331725	0.6164053076	0.462002412545	0.430639324487	0.435464414958	0.644149577805
0.250904704463	0.509047044632	0.255729794934	0.183353437877	0.232810615199	0.376357056695
0.270205066345	0.513872135103	0.330518697226	0.203860072376	0.265379975875	0.527141133896
0.276236429433	0.521109770808	0.354644149578	0.213510253317	0.3835946924	0.564535585042
0.282267792521	0.525934861279	0.363088057901	0.241254523522	0.388419782871	0.571773220748
0.288299155609	0.531966224367	0.375150784077	0.32328106152	0.396863691194	0.576598311218
