KEGGID	SS1	SS2	SS3	SS4	SS5	SA	SB	SC	SD	SE	TS1	TS2	TS3	TS4	TS5	TA	TB	TC	TD	TE
Sterol biosynthesis	58.270265	487.632781	67.342338	115.991472	27.908767	80.832914	32.501133	33.864905	139.986885	21.398222	0.638852	1.709851	0.396251	0.000000	0.174665	0.435923	0.837853	0.000000	0.458894	0.000000
Glycosaminoglycan metabolism	63.840462	646.883868	112.309293	95.382509	29.369109	105.835287	60.818951	31.714752	175.351993	70.979470	0.638852	1.578324	0.792502	0.997856	0.698660	0.581230	1.396421	3.109951	0.458894	1.031370
Cofactor and vitamin biosynthesis	3734.833804	2825.092964	1545.739068	1082.763218	302.615408	1162.974447	619.130489	616.556283	1520.454049	743.718708	2290.027374	5981.979223	4398.388314	3727.741879	5129.735014	2886.971184	4752.859941	6249.705203	2785.716007	5799.650727
Purine metabolism	7811.417543	1203.083869	4742.392315	419.048917	485.807256	2397.800374	1533.023725	1607.776672	2221.370840	2132.776492	136.267042	366.302679	266.412890	206.057337	279.987920	185.121869	274.536451	303.220199	136.520964	288.783569
Fatty acid metabolism	1141.890397	1704.497454	359.411357	899.660507	102.061711	288.619624	117.132795	99.444562	412.838517	109.339698	19.612744	66.158078	20.076727	18.460343	13.623866	14.676067	12.288508	7.256552	19.502995	5.414692
Spliceosome	6240.655327	5560.849268	5059.755246	2729.894966	3823.338804	11939.239865	5839.262913	5373.500336	11557.513735	6466.438454	1307.026447	1932.131545	2455.832851	1703.091334	2032.925392	2229.309035	2266.391963	2013.174788	2001.236719	2142.413101
Phosphate and amino acid transport system	4.102600	89.533128	12.971237	15.060396	4.867808	10.680625	7.079455	4.569074	16.454599	9.655296	5605.411533	6893.592820	9742.496158	7732.638360	8717.353155	9124.735377	9883.032949	7861.955506	9140.250625	8633.339496
Ribosome	100220.519765	15511.095232	50076.000639	9931.670718	9695.051289	25901.972736	21816.304885	20783.644649	27743.435966	26652.529922	8659.377626	6862.947031	11308.216731	7606.908459	8787.743131	7854.892354	8992.116084	7709.308756	9602.356880	8625.088537
Glycan metabolism	404.556408	709.164123	189.488153	108.857600	37.157602	168.948072	72.403513	72.298884	194.753684	93.421508	42308.073653	53469.932008	54215.221197	65803.637336	39519.168343	114465.908151	48316.739658	43079.037843	111827.189699	52550.874254
Phenylpropanoid and flavonoid biosynthesis	26.983769	47.432911	17.943544	14.796179	6.977192	5.825796	3.861521	4.300305	11.297187	3.392401	0.319426	0.263054	0.000000	0.000000	0.000000	0.000000	0.000000	0.000000	0.458894	0.000000
Aromatics degradation	0.000000	0.000000	0.000000	0.000000	0.000000	0.000000	0.000000	0.000000	0.000000	0.000000	0.000000	0.000000	0.000000	0.000000	0.000000	0.000000	0.000000	0.000000	0.000000	0.000000
Polyamine biosynthesis	463.960725	476.013121	492.042254	28.799705	46.081917	386.929925	194.363209	236.785565	332.775842	255.995808	2.363751	4.471918	3.962512	1.247320	1.222655	1.162461	1.117137	0.777488	3.441705	2.062740
Phosphotransferase system (PTS)	0.000000	0.000000	0.000000	0.000000	0.000000	0.000000	0.000000	0.000000	0.000000	0.000000	0.000000	0.000000	0.000000	0.000000	0.000000	0.000000	0.000000	0.000000	0.000000	0.000000
Other terpenoid biosynthesis	472.532825	256.053520	106.256049	146.376482	44.134794	91.756281	59.531778	43.271823	130.408835	48.015524	3.258143	7.891620	3.962512	4.240890	5.589279	2.034306	2.792843	1.554975	2.982811	2.578425
Methane metabolism	3158.935467	2835.000549	1364.033657	1224.912220	228.300204	806.872691	421.227552	432.180690	936.929768	532.346023	5662.077668	6406.811415	6830.446093	7697.962851	5089.387410	13707.010205	6294.788471	5606.722884	15115.968249	6969.224180
Carbon fixation	18817.126295	13981.341745	19569.921345	48110.567616	12680.315784	8545.471184	4694.643813	4890.253519	9017.856924	4935.421730	2940.058856	3096.408498	3499.558510	8611.001416	2935.943200	1222.327441	917.448872	850.830694	1521.921940	838.245877
ABC-2 type and other transport systems	71.745472	231.382793	134.144209	31.441880	57.115616	214.583471	81.413728	64.773350	250.994030	69.674700	0.000000	0.000000	0.000000	0.000000	0.000000	0.000000	0.000000	0.000000	0.000000	0.000000
DNA polymerase	51.299180	183.613080	31.347156	51.786625	7.788493	36.653964	15.446083	20.426451	36.347472	14.613420	1.724899	10.259106	4.490847	2.494641	2.095979	1.743691	4.189264	2.591626	2.753364	2.836267
Replication system	251.192539	393.047626	99.878524	112.820862	25.150342	73.307928	21.560157	25.264294	70.484625	31.314472	18.398926	78.521616	59.437680	31.931403	24.103764	34.728514	58.370415	56.238276	28.680875	62.140036
Other carbohydrate metabolism	3570.396250	3643.352783	5491.805529	19706.396256	5175.129135	2768.709361	1418.787071	1444.902606	2734.656087	1476.999259	1162.326565	1067.341558	1439.712691	3928.560470	1263.176942	487.652270	384.853743	359.199312	575.453072	336.484426
Two-component regulatory system	20.346229	26.214402	13.079331	2.906392	3.082945	5.340313	2.252554	4.031536	12.770733	2.087631	0.000000	0.263054	0.000000	0.000000	0.174665	0.000000	0.000000	0.000000	0.000000	0.257842
Proteasome	383.409672	4426.501020	337.035973	639.406293	178.324040	730.166382	318.253666	312.578447	876.023194	316.276167	807.700053	1109.693250	1456.223158	1232.851527	1362.561301	1341.770279	1375.475097	1098.590104	1389.531022	1231.197805
Pyrimidine metabolism	3385.412341	496.529960	1166.762762	168.570750	99.465547	406.834726	283.178186	291.345689	288.323866	415.177707	11.946525	9.732998	2.641675	6.486066	4.017294	3.196767	3.909980	0.777488	3.671152	2.320582
Nucleotide sugar	368.366804	901.141112	114.363072	163.022183	24.339041	109.233668	38.937001	40.852901	204.331735	62.628944	44.783496	236.880117	159.557150	55.131564	53.971471	99.099776	162.264169	143.057735	65.162948	141.555517
Branched-chain amino acid metabolism	6577.568863	1201.455994	3489.370828	422.219527	385.854928	1506.453646	942.211055	1098.459254	1654.301158	1390.884462	90.716924	124.687591	137.499166	61.867094	112.833560	45.771891	89.650255	86.301133	66.769077	88.439968
Nitrogen metabolism	120.242877	1002.630702	902.041435	95.118291	262.374861	1337.262832	848.569178	772.979891	2198.530874	894.028174	2.555406	12.889645	16.378383	2.494641	9.257243	6.974764	10.612803	9.589015	10.784009	15.212706
Aromatic amino acid metabolism	1873.320644	711.213000	898.474345	317.060972	217.266505	462.422526	288.005087	313.384754	513.039656	350.722086	41.333697	134.157534	94.439869	46.899249	42.443584	36.617512	77.361747	65.049803	51.396128	70.648837
Bacterial secretion system	224.809151	84.453035	42.805082	43.595884	10.546918	46.363623	13.193529	15.319838	38.312200	15.657236	1.277703	1.578324	1.981256	0.997856	0.698660	0.581230	1.396421	0.518325	2.065023	0.000000
Saccharide and polyol transport system	7.704883	69.184690	9.296053	10.832917	3.894247	10.437884	2.252554	2.150153	16.454599	2.609539	0.000000	0.000000	0.000000	0.000000	0.000000	0.000000	0.000000	0.000000	0.000000	0.000000
Serine and threonine metabolism	898.569513	445.055428	490.096569	93.532987	92.326095	374.307368	182.778647	180.881595	397.611873	256.256762	5.174698	16.440874	6.207935	1.247320	2.794639	2.760844	3.351411	3.628276	4.130046	2.320582
Sulfur metabolism	1343.618252	601.724369	509.229143	538.739434	88.107328	312.408289	206.913152	220.928189	369.860087	275.045445	17.823959	34.591599	14.529211	10.477492	10.829227	7.120072	4.468549	3.369113	4.130046	4.383322
Metabolic capacity	132.150424	3030.317489	1799.651030	206.882284	690.741981	2786.186747	2509.344880	1970.614938	6696.530536	2474.365190	10.477166	7.497039	8.189191	3.243033	4.890619	3.196767	3.072127	2.850788	1.606129	6.446062
Arginine and proline metabolism	1719.756648	584.014211	888.745917	367.526510	102.223972	482.812811	214.957987	283.013848	453.361036	340.544882	151.855021	449.690793	366.004025	240.483382	358.761814	179.164258	354.691040	350.128622	207.190639	371.551002
Aminoacyl tRNA	8410.664012	2820.209339	5136.826012	1688.878109	916.770540	4549.946366	1771.150836	2008.242610	4344.014087	2504.635847	119.209705	291.989927	219.787332	153.669879	219.379181	153.154199	203.877527	252.424336	153.729489	213.493567
Sugar metabolism	33.654664	156.416340	9.187959	15.324614	7.626233	21.846734	6.757661	8.869380	24.559103	10.177203	48.233294	157.963920	120.988700	69.849945	51.700826	44.464122	105.848744	89.411084	54.149492	97.464454
ATP synthesis	5173.545660	6466.509137	2514.798560	2479.681016	803.675130	2136.853279	1159.099802	1151.944302	2401.389063	1256.493186	541.810025	658.555660	551.581670	651.101272	513.165633	306.163091	393.511556	420.102514	586.237081	425.697922
Terpenoid backbone biosynthesis	985.591334	546.460817	249.480124	302.264793	48.353561	161.180345	64.036885	67.192271	174.615220	78.808088	8.177300	10.916741	7.000438	3.741961	2.794639	2.906152	4.468549	1.036650	6.195069	1.289212
Lipopolysaccharide metabolism	0.000000	0.000000	0.000000	0.000000	0.000000	0.000000	0.000000	0.000000	0.000000	0.000000	0.000000	0.000000	0.000000	0.000000	0.000000	0.000000	0.000000	0.000000	0.000000	0.000000
Central carbohydrate metabolism	26499.095126	23540.925761	32102.406186	86158.148427	22872.532549	16671.727827	9462.978314	9447.770910	17542.321474	10253.401926	4333.202497	6704.457003	7489.676005	17289.857065	6053.712617	6150.289024	3092.235590	2903.139029	6780.617694	3124.535078
Peptide and nickel transport system	0.000000	0.000000	0.000000	0.000000	0.000000	0.000000	0.000000	0.000000	0.000000	0.000000	0.000000	0.000000	0.000000	0.000000	0.000000	0.000000	0.000000	0.000000	0.000000	0.000000
Carbohydrate metabolism	0.000000	0.000000	0.000000	0.000000	0.000000	0.000000	0.000000	0.000000	0.000000	0.000000	0.000000	0.000000	0.000000	0.000000	0.000000	0.000000	0.000000	0.000000	0.000000	0.000000
Histidine metabolism	479.403846	120.546955	258.127615	48.880233	31.965274	146.858598	60.497158	78.211804	123.286696	94.465324	4.983042	28.935939	11.887536	5.737674	29.518377	8.282533	12.288508	20.473842	9.177880	19.853870
Metallic cation, iron-siderophore and vitamin B12 transport system	1.234116	1.936610	0.324281	0.792652	0.000000	0.728224	0.000000	0.537538	1.227955	0.521908	0.000000	0.000000	0.000000	0.000000	0.000000	0.000000	0.000000	0.000000	0.000000	0.000000
Other amino acid metabolism	3.702347	55.740687	1.621405	6.341219	0.811301	2.912898	1.608967	0.000000	2.455910	0.000000	0.191655	1.183743	0.792502	0.498928	2.619974	0.581230	1.117137	0.000000	0.917788	0.515685
Photosynthesis	717.921685	40.781077	567.167335	1265.337494	1437.463755	1846.777206	675.766126	288.120460	2298.240831	354.636395	1575.663537	214.915109	788.936138	1361.076068	1713.463192	1264.321334	659.669478	326.803992	2459.671822	414.352853
Repair system	369.067248	884.890429	160.519057	159.851573	46.244178	162.879535	47.947216	57.247815	148.336980	65.499437	1821.813051	2258.713071	3239.089388	2696.457336	3045.458126	3018.910475	3160.939524	2575.039224	2992.906646	2706.830273
RNA processing	5184.152382	3049.290653	2827.297276	633.857726	441.510202	1728.562104	1109.221826	1075.882651	1922.732151	1448.555281	114.098892	195.186059	331.662254	139.699890	204.532660	173.497262	270.067902	220.029016	216.368519	199.312231
Lipid metabolism	717.554786	1697.087816	509.337237	392.627170	163.071574	507.572442	262.905202	243.236023	583.524280	278.437846	17.887844	74.970387	53.229744	38.168006	47.683532	22.667984	39.099800	41.725173	33.499262	43.059693
Mineral and organic ion transport system	1.701078	23.042852	1.297124	2.377957	1.135822	5.097571	1.608967	0.537538	6.139776	1.043816	0.383311	1.315270	1.717089	0.000000	0.349330	1.307768	1.117137	0.518325	2.753364	0.773527
Protein processing	1437.277613	2392.078199	570.302050	486.160156	215.319382	810.756555	292.188401	280.594926	941.841589	310.013272	25.490178	136.919601	53.758079	40.662646	42.268919	42.139201	50.829740	56.756601	63.327372	42.286165
Alkaloid and other secondary metabolite biosynthesis	28.351302	55.403886	16.322140	8.719177	2.920685	24.516890	7.079455	10.750763	29.470923	5.740987	0.383311	3.682756	2.245423	0.000000	0.000000	0.145308	1.675706	0.000000	0.688341	0.000000
Lysine metabolism	3418.299852	690.331292	1357.331851	285.354874	208.504450	1207.881622	588.560116	567.640310	1081.828474	861.930840	5144.352348	6452.319755	6596.525802	7775.296719	5116.635143	14762.669841	6217.147441	5962.034758	12807.043105	5921.352373
Cysteine and methionine metabolism	960.675543	3992.868785	827.240635	3140.224706	497.814516	858.819369	529.350132	513.617723	1265.039381	490.332440	119.401360	335.656889	189.011822	463.254813	216.584542	171.172340	215.048898	217.437390	331.092019	184.099525
Ubiquitin system	425.036055	3379.889624	387.407610	383.643776	141.490958	624.573837	268.375690	248.880174	745.859949	141.697985	102.982875	484.150866	302.471749	214.040188	284.354544	249.493131	305.257722	316.955814	206.502298	293.940418
RNA polymerase	2039.392567	1073.836203	1778.248490	165.400140	204.610204	838.186342	525.166818	558.233392	865.217188	744.501570	2166.281822	3588.056402	3067.908870	3185.406950	2174.404004	5568.332129	2950.359174	2972.076271	4861.981894	3084.827337
Pathogenicity	0.000000	0.000000	0.000000	0.000000	0.000000	0.000000	0.000000	0.000000	0.000000	0.000000	0.000000	0.000000	0.000000	0.000000	0.000000	0.000000	0.000000	0.000000	0.000000	0.000000
