KEGGID	SS1	SS2	SS3	SS4	SS5	SA	SB	SC	SD	SE
Sterol biosynthesis	58.270265	487.632781	67.342338	115.991472	27.908767	80.832914	32.501133	33.864905	139.986885	21.398222
Glycosaminoglycan metabolism	63.840462	646.883868	112.309293	95.382509	29.369109	105.835287	60.818951	31.714752	175.351993	70.979470
Cofactor and vitamin biosynthesis	3734.833804	2825.092964	1545.739068	1082.763218	302.615408	1162.974447	619.130489	616.556283	1520.454049	743.718708
Purine metabolism	7811.417543	1203.083869	4742.392315	419.048917	485.807256	2397.800374	1533.023725	1607.776672	2221.370840	2132.776492
Fatty acid metabolism	1141.890397	1704.497454	359.411357	899.660507	102.061711	288.619624	117.132795	99.444562	412.838517	109.339698
Spliceosome	6240.655327	5560.849268	5059.755246	2729.894966	3823.338804	11939.239865	5839.262913	5373.500336	11557.513735	6466.438454
Phosphate and amino acid transport system	4.102600	89.533128	12.971237	15.060396	4.867808	10.680625	7.079455	4.569074	16.454599	9.655296
Ribosome	100220.519765	15511.095232	50076.000639	9931.670718	9695.051289	25901.972736	21816.304885	20783.644649	27743.435966	26652.529922
Glycan metabolism	404.556408	709.164123	189.488153	108.857600	37.157602	168.948072	72.403513	72.298884	194.753684	93.421508
Phenylpropanoid and flavonoid biosynthesis	26.983769	47.432911	17.943544	14.796179	6.977192	5.825796	3.861521	4.300305	11.297187	3.392401
Unknown	636042.123498	695340.572512	532304.217014	615433.841133	523132.960286	582001.835611	517527.764334	461135.183862	607394.745826	458339.487497
Aromatics degradation	0.000000	0.000000	0.000000	0.000000	0.000000	0.000000	0.000000	0.000000	0.000000	0.000000
Polyamine biosynthesis	463.960725	476.013121	492.042254	28.799705	46.081917	386.929925	194.363209	236.785565	332.775842	255.995808
Phosphotransferase system (PTS)	0.000000	0.000000	0.000000	0.000000	0.000000	0.000000	0.000000	0.000000	0.000000	0.000000
Other terpenoid biosynthesis	472.532825	256.053520	106.256049	146.376482	44.134794	91.756281	59.531778	43.271823	130.408835	48.015524
Methane metabolism	3158.935467	2835.000549	1364.033657	1224.912220	228.300204	806.872691	421.227552	432.180690	936.929768	532.346023
Carbon fixation	18817.126295	13981.341745	19569.921345	48110.567616	12680.315784	8545.471184	4694.643813	4890.253519	9017.856924	4935.421730
ABC-2 type and other transport systems	71.745472	231.382793	134.144209	31.441880	57.115616	214.583471	81.413728	64.773350	250.994030	69.674700
DNA polymerase	51.299180	183.613080	31.347156	51.786625	7.788493	36.653964	15.446083	20.426451	36.347472	14.613420
Replication system	251.192539	393.047626	99.878524	112.820862	25.150342	73.307928	21.560157	25.264294	70.484625	31.314472
Other carbohydrate metabolism	3570.396250	3643.352783	5491.805529	19706.396256	5175.129135	2768.709361	1418.787071	1444.902606	2734.656087	1476.999259
Two-component regulatory system	20.346229	26.214402	13.079331	2.906392	3.082945	5.340313	2.252554	4.031536	12.770733	2.087631
Proteasome	383.409672	4426.501020	337.035973	639.406293	178.324040	730.166382	318.253666	312.578447	876.023194	316.276167
Pyrimidine metabolism	3385.412341	496.529960	1166.762762	168.570750	99.465547	406.834726	283.178186	291.345689	288.323866	415.177707
Nucleotide sugar	368.366804	901.141112	114.363072	163.022183	24.339041	109.233668	38.937001	40.852901	204.331735	62.628944
Branched-chain amino acid metabolism	6577.568863	1201.455994	3489.370828	422.219527	385.854928	1506.453646	942.211055	1098.459254	1654.301158	1390.884462
Nitrogen metabolism	120.242877	1002.630702	902.041435	95.118291	262.374861	1337.262832	848.569178	772.979891	2198.530874	894.028174
Aromatic amino acid metabolism	1873.320644	711.213000	898.474345	317.060972	217.266505	462.422526	288.005087	313.384754	513.039656	350.722086
Bacterial secretion system	224.809151	84.453035	42.805082	43.595884	10.546918	46.363623	13.193529	15.319838	38.312200	15.657236
Saccharide and polyol transport system	7.704883	69.184690	9.296053	10.832917	3.894247	10.437884	2.252554	2.150153	16.454599	2.609539
Serine and threonine metabolism	898.569513	445.055428	490.096569	93.532987	92.326095	374.307368	182.778647	180.881595	397.611873	256.256762
Sulfur metabolism	1343.618252	601.724369	509.229143	538.739434	88.107328	312.408289	206.913152	220.928189	369.860087	275.045445
Metabolic capacity	132.150424	3030.317489	1799.651030	206.882284	690.741981	2786.186747	2509.344880	1970.614938	6696.530536	2474.365190
Arginine and proline metabolism	1719.756648	584.014211	888.745917	367.526510	102.223972	482.812811	214.957987	283.013848	453.361036	340.544882
Aminoacyl tRNA	8410.664012	2820.209339	5136.826012	1688.878109	916.770540	4549.946366	1771.150836	2008.242610	4344.014087	2504.635847
Sugar metabolism	33.654664	156.416340	9.187959	15.324614	7.626233	21.846734	6.757661	8.869380	24.559103	10.177203
ATP synthesis	5173.545660	6466.509137	2514.798560	2479.681016	803.675130	2136.853279	1159.099802	1151.944302	2401.389063	1256.493186
Terpenoid backbone biosynthesis	985.591334	546.460817	249.480124	302.264793	48.353561	161.180345	64.036885	67.192271	174.615220	78.808088
Lipopolysaccharide metabolism	0.000000	0.000000	0.000000	0.000000	0.000000	0.000000	0.000000	0.000000	0.000000	0.000000
Central carbohydrate metabolism	26499.095126	23540.925761	32102.406186	86158.148427	22872.532549	16671.727827	9462.978314	9447.770910	17542.321474	10253.401926
Peptide and nickel transport system	0.000000	0.000000	0.000000	0.000000	0.000000	0.000000	0.000000	0.000000	0.000000	0.000000
Carbohydrate metabolism	0.000000	0.000000	0.000000	0.000000	0.000000	0.000000	0.000000	0.000000	0.000000	0.000000
Histidine metabolism	479.403846	120.546955	258.127615	48.880233	31.965274	146.858598	60.497158	78.211804	123.286696	94.465324
Metallic cation, iron-siderophore and vitamin B12 transport system	1.234116	1.936610	0.324281	0.792652	0.000000	0.728224	0.000000	0.537538	1.227955	0.521908
Other amino acid metabolism	3.702347	55.740687	1.621405	6.341219	0.811301	2.912898	1.608967	0.000000	2.455910	0.000000
Photosynthesis	717.921685	40.781077	567.167335	1265.337494	1437.463755	1846.777206	675.766126	288.120460	2298.240831	354.636395
Repair system	369.067248	884.890429	160.519057	159.851573	46.244178	162.879535	47.947216	57.247815	148.336980	65.499437
RNA processing	5184.152382	3049.290653	2827.297276	633.857726	441.510202	1728.562104	1109.221826	1075.882651	1922.732151	1448.555281
Lipid metabolism	717.554786	1697.087816	509.337237	392.627170	163.071574	507.572442	262.905202	243.236023	583.524280	278.437846
Mineral and organic ion transport system	1.701078	23.042852	1.297124	2.377957	1.135822	5.097571	1.608967	0.537538	6.139776	1.043816
Protein processing	1437.277613	2392.078199	570.302050	486.160156	215.319382	810.756555	292.188401	280.594926	941.841589	310.013272
Alkaloid and other secondary metabolite biosynthesis	28.351302	55.403886	16.322140	8.719177	2.920685	24.516890	7.079455	10.750763	29.470923	5.740987
Lysine metabolism	3418.299852	690.331292	1357.331851	285.354874	208.504450	1207.881622	588.560116	567.640310	1081.828474	861.930840
Cysteine and methionine metabolism	960.675543	3992.868785	827.240635	3140.224706	497.814516	858.819369	529.350132	513.617723	1265.039381	490.332440
Ubiquitin system	425.036055	3379.889624	387.407610	383.643776	141.490958	624.573837	268.375690	248.880174	745.859949	141.697985
RNA polymerase	2039.392567	1073.836203	1778.248490	165.400140	204.610204	838.186342	525.166818	558.233392	865.217188	744.501570
Pathogenicity	0.000000	0.000000	0.000000	0.000000	0.000000	0.000000	0.000000	0.000000	0.000000	0.000000
