KEGGID	TS1	TS2	TS3	TS4	TS5	TA	TB	TC	TD	TE
Sterol biosynthesis	0.638852	1.709851	0.396251	0.000000	0.174665	0.435923	0.837853	0.000000	0.458894	0.000000
Glycosaminoglycan metabolism	0.638852	1.578324	0.792502	0.997856	0.698660	0.581230	1.396421	3.109951	0.458894	1.031370
Cofactor and vitamin biosynthesis	2290.027374	5981.979223	4398.388314	3727.741879	5129.735014	2886.971184	4752.859941	6249.705203	2785.716007	5799.650727
Purine metabolism	136.267042	366.302679	266.412890	206.057337	279.987920	185.121869	274.536451	303.220199	136.520964	288.783569
Fatty acid metabolism	19.612744	66.158078	20.076727	18.460343	13.623866	14.676067	12.288508	7.256552	19.502995	5.414692
Spliceosome	1307.026447	1932.131545	2455.832851	1703.091334	2032.925392	2229.309035	2266.391963	2013.174788	2001.236719	2142.413101
Phosphate and amino acid transport system	5605.411533	6893.592820	9742.496158	7732.638360	8717.353155	9124.735377	9883.032949	7861.955506	9140.250625	8633.339496
Ribosome	8659.377626	6862.947031	11308.216731	7606.908459	8787.743131	7854.892354	8992.116084	7709.308756	9602.356880	8625.088537
Glycan metabolism	42308.073653	53469.932008	54215.221197	65803.637336	39519.168343	114465.908151	48316.739658	43079.037843	111827.189699	52550.874254
Phenylpropanoid and flavonoid biosynthesis	0.319426	0.263054	0.000000	0.000000	0.000000	0.000000	0.000000	0.000000	0.458894	0.000000
Aromatics degradation	0.000000	0.000000	0.000000	0.000000	0.000000	0.000000	0.000000	0.000000	0.000000	0.000000
Polyamine biosynthesis	2.363751	4.471918	3.962512	1.247320	1.222655	1.162461	1.117137	0.777488	3.441705	2.062740
Phosphotransferase system (PTS)	0.000000	0.000000	0.000000	0.000000	0.000000	0.000000	0.000000	0.000000	0.000000	0.000000
Other terpenoid biosynthesis	3.258143	7.891620	3.962512	4.240890	5.589279	2.034306	2.792843	1.554975	2.982811	2.578425
Methane metabolism	5662.077668	6406.811415	6830.446093	7697.962851	5089.387410	13707.010205	6294.788471	5606.722884	15115.968249	6969.224180
Carbon fixation	2940.058856	3096.408498	3499.558510	8611.001416	2935.943200	1222.327441	917.448872	850.830694	1521.921940	838.245877
ABC-2 type and other transport systems	0.000000	0.000000	0.000000	0.000000	0.000000	0.000000	0.000000	0.000000	0.000000	0.000000
DNA polymerase	1.724899	10.259106	4.490847	2.494641	2.095979	1.743691	4.189264	2.591626	2.753364	2.836267
Replication system	18.398926	78.521616	59.437680	31.931403	24.103764	34.728514	58.370415	56.238276	28.680875	62.140036
Other carbohydrate metabolism	1162.326565	1067.341558	1439.712691	3928.560470	1263.176942	487.652270	384.853743	359.199312	575.453072	336.484426
Two-component regulatory system	0.000000	0.263054	0.000000	0.000000	0.174665	0.000000	0.000000	0.000000	0.000000	0.257842
Proteasome	807.700053	1109.693250	1456.223158	1232.851527	1362.561301	1341.770279	1375.475097	1098.590104	1389.531022	1231.197805
Pyrimidine metabolism	11.946525	9.732998	2.641675	6.486066	4.017294	3.196767	3.909980	0.777488	3.671152	2.320582
Nucleotide sugar	44.783496	236.880117	159.557150	55.131564	53.971471	99.099776	162.264169	143.057735	65.162948	141.555517
Branched-chain amino acid metabolism	90.716924	124.687591	137.499166	61.867094	112.833560	45.771891	89.650255	86.301133	66.769077	88.439968
Nitrogen metabolism	2.555406	12.889645	16.378383	2.494641	9.257243	6.974764	10.612803	9.589015	10.784009	15.212706
Aromatic amino acid metabolism	41.333697	134.157534	94.439869	46.899249	42.443584	36.617512	77.361747	65.049803	51.396128	70.648837
Bacterial secretion system	1.277703	1.578324	1.981256	0.997856	0.698660	0.581230	1.396421	0.518325	2.065023	0.000000
Saccharide and polyol transport system	0.000000	0.000000	0.000000	0.000000	0.000000	0.000000	0.000000	0.000000	0.000000	0.000000
Serine and threonine metabolism	5.174698	16.440874	6.207935	1.247320	2.794639	2.760844	3.351411	3.628276	4.130046	2.320582
Sulfur metabolism	17.823959	34.591599	14.529211	10.477492	10.829227	7.120072	4.468549	3.369113	4.130046	4.383322
Metabolic capacity	10.477166	7.497039	8.189191	3.243033	4.890619	3.196767	3.072127	2.850788	1.606129	6.446062
Arginine and proline metabolism	151.855021	449.690793	366.004025	240.483382	358.761814	179.164258	354.691040	350.128622	207.190639	371.551002
Aminoacyl tRNA	119.209705	291.989927	219.787332	153.669879	219.379181	153.154199	203.877527	252.424336	153.729489	213.493567
Sugar metabolism	48.233294	157.963920	120.988700	69.849945	51.700826	44.464122	105.848744	89.411084	54.149492	97.464454
ATP synthesis	541.810025	658.555660	551.581670	651.101272	513.165633	306.163091	393.511556	420.102514	586.237081	425.697922
Terpenoid backbone biosynthesis	8.177300	10.916741	7.000438	3.741961	2.794639	2.906152	4.468549	1.036650	6.195069	1.289212
Lipopolysaccharide metabolism	0.000000	0.000000	0.000000	0.000000	0.000000	0.000000	0.000000	0.000000	0.000000	0.000000
Central carbohydrate metabolism	4333.202497	6704.457003	7489.676005	17289.857065	6053.712617	6150.289024	3092.235590	2903.139029	6780.617694	3124.535078
Peptide and nickel transport system	0.000000	0.000000	0.000000	0.000000	0.000000	0.000000	0.000000	0.000000	0.000000	0.000000
Carbohydrate metabolism	0.000000	0.000000	0.000000	0.000000	0.000000	0.000000	0.000000	0.000000	0.000000	0.000000
Histidine metabolism	4.983042	28.935939	11.887536	5.737674	29.518377	8.282533	12.288508	20.473842	9.177880	19.853870
Metallic cation, iron-siderophore and vitamin B12 transport system	0.000000	0.000000	0.000000	0.000000	0.000000	0.000000	0.000000	0.000000	0.000000	0.000000
Other amino acid metabolism	0.191655	1.183743	0.792502	0.498928	2.619974	0.581230	1.117137	0.000000	0.917788	0.515685
Photosynthesis	1575.663537	214.915109	788.936138	1361.076068	1713.463192	1264.321334	659.669478	326.803992	2459.671822	414.352853
Repair system	1821.813051	2258.713071	3239.089388	2696.457336	3045.458126	3018.910475	3160.939524	2575.039224	2992.906646	2706.830273
RNA processing	114.098892	195.186059	331.662254	139.699890	204.532660	173.497262	270.067902	220.029016	216.368519	199.312231
Lipid metabolism	17.887844	74.970387	53.229744	38.168006	47.683532	22.667984	39.099800	41.725173	33.499262	43.059693
Mineral and organic ion transport system	0.383311	1.315270	1.717089	0.000000	0.349330	1.307768	1.117137	0.518325	2.753364	0.773527
Protein processing	25.490178	136.919601	53.758079	40.662646	42.268919	42.139201	50.829740	56.756601	63.327372	42.286165
Alkaloid and other secondary metabolite biosynthesis	0.383311	3.682756	2.245423	0.000000	0.000000	0.145308	1.675706	0.000000	0.688341	0.000000
Lysine metabolism	5144.352348	6452.319755	6596.525802	7775.296719	5116.635143	14762.669841	6217.147441	5962.034758	12807.043105	5921.352373
Cysteine and methionine metabolism	119.401360	335.656889	189.011822	463.254813	216.584542	171.172340	215.048898	217.437390	331.092019	184.099525
Ubiquitin system	102.982875	484.150866	302.471749	214.040188	284.354544	249.493131	305.257722	316.955814	206.502298	293.940418
RNA polymerase	2166.281822	3588.056402	3067.908870	3185.406950	2174.404004	5568.332129	2950.359174	2972.076271	4861.981894	3084.827337
Pathogenicity	0.000000	0.000000	0.000000	0.000000	0.000000	0.000000	0.000000	0.000000	0.000000	0.000000
