K01365	1582	30004	607	291	282	405	74	71	464	57
K14301	350	1414	45	23	15	30	17	27	21	6
K14306	362	1219	40	13	9	32	5	2	29	0
K14309	1808	4009	247	47	27	90	31	29	74	42
K14308	368	891	43	17	5	16	7	5	18	14
K08568	1221	13057	330	155	110	246	27	40	210	40
K04640	386	1433	85	29	13	60	19	21	69	16
K01652	8119	2041	2705	113	205	676	344	410	678	496
K04646	420	23324	131	369	95	415	99	132	447	112
K04649	86	1057	11	10	4	14	1	1	13	0
K04648	227	3232	69	33	25	119	8	19	118	17
K04083	2230	268	280	7	22	103	31	47	55	64
K04082	15	143	1	2	0	2	3	0	0	1
K00509	213	3111	97	15	16	55	14	19	92	14
K15542	688	3640	54	38	11	63	11	3	72	10
K15544	141	856	9	5	0	17	0	4	17	1
K00507	2739	7168	666	335	215	571	60	71	441	61
K01101	434	2370	302	208	55	107	48	24	116	29
K01100	1136	734	128	8	12	21	7	11	35	11
K01103	534	1650	25	47	4	12	2	3	11	2
K00981	187	908	14	13	5	11	4	3	19	5
K13071	185	1230	30	41	16	9	0	12	17	2
K13076	960	3400	155	55	63	134	23	21	157	25
K02922	22506	3252	3287	238	360	622	395	458	787	774
K02923	7261	1186	1122	49	90	248	153	227	255	241
K14549	3214	436	1234	15	56	228	140	192	209	267
K02921	33331	4441	4269	250	381	967	689	621	1000	1072
K02926	1967	1769	253	25	36	79	27	40	76	34
K02927	21596	4747	2854	228	317	721	385	426	765	638
K02924	5200	1175	798	51	68	160	110	148	167	121
K02925	44338	6174	7685	419	689	1592	945	1196	1442	1418
K17969	357	1789	175	24	44	423	29	61	617	78
K02929	23555	4254	3990	270	458	890	660	704	858	823
K14545	2272	711	912	12	39	185	137	158	169	213
K14544	13963	1190	6516	32	318	1095	455	744	1045	1048
K00215	837	123	545	8	33	222	143	122	262	262
K00213	232	821	19	38	17	33	2	5	41	6
K03978	2215	536	231	6	4	31	13	15	15	18
K00218	6272	1183	222	210	13	31	9	9	37	6
K04512	3	338	4	3	0	11	0	0	1	0
K01749	9351	4782	754	324	95	58	35	68	159	69
K09522	6675	1099	2356	35	130	507	301	421	510	506
K01586	12384	620	1370	98	153	525	184	237	436	333
K01581	7399	11542	2825	65	192	1215	399	567	944	606
K01580	14	1218	3	18	1	5	4	0	3	0
K09595	303	150	34	13	5	18	13	8	27	11
K15430	952	571	306	10	27	68	46	43	81	64
K08341	756	3505	209	27	25	369	18	32	250	29
K08342	218	645	26	4	0	17	6	4	6	1
K08343	186	1510	95	27	57	65	27	44	51	43
K02728	211	9652	112	103	86	228	69	90	277	52
K02729	79	2401	42	32	15	55	23	23	56	25
K15436	44	1079	6	13	6	19	5	2	19	0
K15437	181	78	13	9	4	2	0	0	6	0
K02725	51	2573	26	32	8	40	16	22	58	15
K02726	180	5593	97	51	33	84	19	31	147	48
K02727	134	5304	79	56	38	102	24	33	109	40
K03456	1209	5879	106	133	33	111	22	20	122	14
K02108	488	38	48	28	25	12	11	11	30	18
K03453	4291	754	194	136	31	13	3	5	7	6
K03452	25	185	5	7	1	2	1	0	3	0
K12871	89	309	3	5	2	0	1	1	3	0
K12870	84	229	12	7	1	4	4	5	11	1
K12873	103	306	10	4	3	9	5	2	12	2
K12872	206	764	34	8	16	40	12	9	31	12
K12874	1188	4741	188	76	45	44	20	14	84	8
K01638	1082	1009	101	19	10	35	11	13	49	16
K12879	908	3193	69	45	20	42	21	14	67	2
K12878	232	984	5	12	6	5	1	4	12	0
K01634	44	296	13	4	1	8	1	1	14	3
K00266	7497	8139	2896	53	196	592	363	441	838	641
K03857	10	163	4	4	0	5	2	0	7	3
K03859	3	143	1	2	0	0	0	0	0	0
K03521	11	67	1	1	0	0	0	0	0	1
K03522	74	814	10	0	2	10	1	1	11	2
K14050	80	439	12	8	2	13	6	7	9	1
K03527	3027	5147	274	115	46	140	46	50	195	57
K03526	5219	1762	353	204	31	82	19	21	109	34
K03679	812	439	124	3	6	31	16	8	19	11
K03678	914	525	131	2	2	53	11	30	32	24
K03671	3296	6374	322	207	35	449	62	66	409	93
K03676	772	1040	90	65	29	69	2	20	79	11
K02210	29	288	7	8	2	1	0	0	2	0
K02212	30	256	3	13	4	2	3	1	5	3
K02213	20	240	3	6	0	2	0	0	4	0
K09765	350	177	39	3	5	5	5	4	6	6
K02218	979	2335	298	50	47	86	62	50	86	59
K02219	46	920	3	20	5	10	1	6	12	1
K13274	560	4031	363	60	43	161	75	49	279	46
K17790	435	909	35	5	7	23	5	3	6	2
K17795	1084	748	476	18	42	133	85	114	141	105
K17794	2412	1514	906	35	54	284	110	176	262	179
K14834	2435	318	1149	7	27	201	161	212	198	252
K12307	453	2795	217	40	34	90	23	14	102	33
K03294	780	421	89	3	12	12	3	6	15	7
K17777	391	632	31	6	4	12	3	3	21	3
K03070	268	27	20	0	4	12	1	7	22	5
K08967	27	2095	12	23	6	52	19	16	58	6
K11654	863	3232	48	48	18	49	7	11	49	13
K17778	386	667	53	6	3	36	6	7	32	9
K08963	81	665	72	25	49	43	27	30	24	24
K06641	8	396	2	4	0	2	1	0	2	0
K06640	10	233	2	3	1	5	0	1	11	0
K09611	679	3180	82	24	12	32	4	4	44	6
K06130	947	1600	49	22	0	27	5	1	25	4
K06133	175	417	24	5	2	11	0	10	23	8
K12275	5185	5691	814	198	117	309	75	88	274	110
K03189	51	126	1	2	0	1	0	0	1	1
K16196	28	3543	52	31	24	38	17	10	80	13
K16194	205	1236	38	28	6	35	4	1	21	4
K07198	1466	2462	134	60	33	78	14	32	97	21
K07199	359	875	16	22	8	15	4	1	15	2
K07195	50	1847	5	27	2	18	1	2	36	15
K10862	7	197	1	2	0	1	0	1	0	0
K07359	95	2244	28	21	32	27	14	10	67	10
K17576	15	483	7	3	1	12	0	2	5	1
K04460	1170	704	174	18	16	50	20	33	38	27
K01515	71	567	3	6	0	65	2	2	29	2
K06916	11	497	3	0	0	2	0	0	2	0
K06911	333	3165	70	42	41	181	15	9	117	17
K00773	890	437	107	1	2	27	7	6	15	13
K08741	27	158	6	3	0	0	0	0	4	0
K11434	2638	613	934	8	46	227	118	167	188	210
K09834	3	77	4	0	1	0	2	0	1	0
K11430	46	187	6	2	0	2	1	1	5	2
K09833	148	202	6	6	0	9	3	6	5	1
K07511	5	2638	6	29	3	26	1	1	26	1
K07513	332	285	6	5	2	7	3	1	3	0
K09839	2451	1966	412	237	40	104	50	88	78	94
K09838	4566	2668	146	162	38	60	13	16	59	21
K10747	22	603	1	17	2	2	0	2	5	1
K10743	1	64	0	0	0	0	0	0	1	0
K10742	5	103	1	2	1	1	0	1	3	0
K01914	22742	164	123	4	1	49	2	8	23	16
K01915	49464	19058	17851	291	1833	6229	3736	4468	8683	5911
K01918	16	214	0	3	0	0	0	0	0	0
K11341	27	323	2	4	0	2	0	1	2	0
K10696	1296	2211	478	51	50	122	60	72	120	107
K10695	457	1286	24	26	8	15	2	2	8	5
K10691	326	7203	298	41	49	164	44	41	258	59
K07178	2352	1553	1504	27	134	369	259	276	476	352
K07179	2469	1209	1480	17	102	363	245	344	409	412
K01358	6655	16765	1603	668	362	773	340	284	909	337
K17960	5552	4078	2000	330	163	719	178	136	1673	191
K01354	716	3406	77	71	46	104	44	29	121	54
K02920	8410	1705	1387	92	150	324	188	236	319	347
K17803	46	274	17	8	10	16	3	1	24	0
K08576	94	1299	45	20	13	28	4	9	50	9
K14548	26285	3569	9927	51	551	1519	920	1155	1940	1611
K17805	1804	1278	277	20	6	88	26	47	66	53
K17804	1133	314	160	6	10	88	35	42	81	47
K15555	51	821	12	9	7	21	5	2	25	4
K01828	25	62	2	1	0	0	1	0	0	0
K01823	357	740	115	4	8	23	10	15	19	11
K04078	12127	1846	553	139	105	187	47	35	166	44
K04079	22524	10900	5201	448	846	6109	2535	3143	5484	3744
K04077	33496	5738	2477	295	273	449	124	166	412	207
K15083	92	2026	38	35	12	32	6	7	33	5
K04075	1291	377	508	12	22	123	43	73	89	125
K15085	169	132	15	2	2	10	2	4	12	7
K00517	140	2473	67	58	9	119	13	3	53	13
K09291	811	4041	108	40	41	82	14	18	106	21
K05609	12	35	1	3	0	1	0	1	0	0
K00999	23	70	1	2	0	2	0	1	1	5
K03155	21	208	3	10	1	1	0	0	0	0
K00995	298	1208	7	30	8	11	1	2	9	2
K00991	247	127	0	24	0	0	0	0	0	1
K00993	1122	918	182	27	15	108	75	91	86	127
K13998	88	613	6	20	3	5	0	4	7	0
K14209	716	2018	87	27	22	39	9	5	44	6
K15331	1565	128	124	0	7	14	4	5	12	11
K02932	34921	4720	5143	315	453	965	701	794	1018	1110
K02935	1865	934	365	8	25	74	30	52	51	36
K15336	1065	2793	242	23	18	93	29	21	133	52
K02937	21351	2751	3123	181	227	531	336	386	568	489
K02936	19084	2786	3482	152	239	695	403	498	673	643
K02938	67545	11731	13658	1308	2446	3034	2394	2737	2717	2995
K08866	16	419	1	5	3	7	5	0	13	0
K17973	742	417	231	11	15	77	27	28	69	73
K17972	199	1622	53	13	11	40	11	11	41	13
K00208	1585	678	177	331	54	30	6	6	21	7
K01001	6129	737	307	78	33	50	10	15	36	14
K04523	102	5833	57	53	28	129	17	19	165	16
K14848	4121	1191	2699	24	175	623	460	599	675	678
K01007	30	1565	16	20	4	17	0	0	22	0
K14846	1900	535	847	8	49	205	157	181	224	201
K14847	6283	1538	2489	36	196	640	456	470	671	577
K14844	6771	1773	2577	22	197	522	332	451	644	605
K14842	2792	1248	981	21	87	255	203	226	381	267
K05034	87	2783	9	8	21	40	1	0	9	1
K14840	3008	1575	1476	33	78	318	234	251	305	309
K14841	6413	989	3092	23	132	754	383	589	694	672
K02739	49	2646	29	26	12	61	15	14	67	20
K02738	99	2928	21	31	16	55	14	23	63	2
K15429	869	207	270	5	11	66	48	44	60	55
K14683	3744	46553	526	227	204	933	55	73	1426	141
K02732	116	2996	40	35	13	56	13	20	70	19
K02731	91	2522	34	30	21	36	19	20	42	28
K15424	96	1410	12	17	6	15	4	3	15	4
K15423	141	1351	34	44	33	24	6	14	66	4
K02736	3038	8879	673	400	104	201	60	78	239	120
K02735	80	1931	33	22	14	34	10	17	51	18
K02734	77	2334	29	26	13	29	12	13	33	19
K02115	34076	37520	6406	2280	995	948	511	602	1334	703
K03258	1468	1787	114	38	21	40	15	14	67	20
K01649	8730	1542	1256	68	100	235	98	98	307	204
K12848	132	433	28	3	1	10	6	9	18	4
K12849	36	394	5	4	1	14	2	6	34	8
K12844	704	2619	72	11	9	30	26	11	20	20
K12845	5565	612	1092	7	67	187	128	149	192	158
K12847	334	2475	41	28	18	28	1	3	46	6
K12840	106	120	22	2	0	4	3	0	2	1
K01647	1872	3072	393	16	38	502	141	206	320	348
K12842	133	1142	18	5	8	13	2	3	22	0
K12843	427	1812	17	25	21	19	1	5	24	10
K03868	32	729	6	12	1	14	0	2	25	3
K03869	273	1892	21	14	12	22	2	3	24	1
K06119	588	3025	63	98	23	63	13	24	47	17
K03514	604	1489	87	41	22	28	2	16	50	14
K03515	24	1117	4	6	8	5	1	2	11	1
K03517	2870	228	382	7	16	46	21	19	43	45
K03511	3	172	2	2	0	3	0	1	4	0
K02028	5	1498	26	42	0	0	4	0	0	4
K03885	1439	1896	587	224	109	173	34	57	113	40
K02209	24	649	6	27	5	7	0	1	8	7
K02202	76	251	5	1	7	4	0	1	8	5
K06062	47	866	6	7	6	9	0	2	15	2
K03083	47	3252	7	25	4	15	2	5	34	2
K03240	742	1289	54	23	7	23	8	14	15	13
K03242	3546	1786	670	48	53	289	99	102	240	141
K03243	8339	1311	2514	102	221	745	271	380	761	502
K03245	3669	1655	801	36	52	296	93	142	266	173
K03246	9774	2528	2863	139	170	599	360	480	704	688
K03247	3356	1175	908	43	81	274	159	159	240	221
K03248	3046	1621	744	45	66	230	108	148	252	173
K03249	4005	1630	1231	51	105	351	202	208	327	304
K12190	14	337	2	6	2	0	0	0	5	0
K12191	481	2377	241	60	67	90	33	22	205	67
K12196	485	2208	222	70	152	159	15	40	221	41
K12197	410	2125	214	75	122	222	42	56	313	67
K12194	654	2348	317	51	113	258	76	77	362	72
K12195	31	508	8	6	3	5	0	0	10	2
K06100	646	2521	87	37	19	38	3	7	50	7
K12198	543	1355	206	65	92	160	27	41	306	42
K10632	46	238	0	1	1	1	1	1	5	0
K03644	1433	4935	566	206	377	216	229	276	215	255
K03648	16	323	0	8	3	6	0	1	3	0
K16185	611	2065	97	37	20	36	28	22	70	10
K06693	11	679	7	8	4	12	5	5	17	11
K06694	72	435	11	8	2	1	0	1	5	2
K13917	38	619	1	5	3	5	0	0	4	3
K06215	9808	543	1270	52	253	421	112	128	447	199
K07342	4159	5889	634	142	111	305	148	153	241	188
K11644	2760	12769	575	201	93	233	44	122	300	75
K17586	7	60	0	1	0	1	0	0	0	0
K17584	1699	1840	623	150	276	186	149	198	173	205
K17583	2230	730	1633	21	91	342	218	331	380	410
K11649	462	1138	58	15	11	28	5	4	50	6
K10597	81	3806	40	46	22	36	12	17	80	4
K00602	8157	377	1520	8	68	146	61	101	163	158
K10591	1481	6921	440	127	130	201	52	63	319	60
K11519	1224	96	59	23	6	22	3	7	9	4
K11518	2138	2903	479	43	54	147	57	81	145	107
K11517	183	78	22	1	2	6	1	3	0	2
K06963	553	213	296	7	8	54	69	72	49	82
K06961	2638	700	972	14	82	263	124	167	232	254
K10598	78	459	9	4	1	15	1	0	8	4
K10599	556	1577	77	21	15	58	20	20	73	22
K06965	74	393	5	2	0	4	0	0	3	0
K12736	267	661	13	7	6	25	2	2	17	2
K12737	58	404	3	5	1	2	0	0	6	0
K12734	59	167	10	2	0	2	2	2	5	2
K12735	55	391	10	5	3	7	0	1	7	0
K12733	419	1106	41	79	23	28	3	0	11	2
K01868	10546	6900	1998	294	162	692	242	309	892	430
K07507	16	101	0	3	0	2	0	0	0	0
K08994	890	3110	324	53	23	205	65	83	198	105
K01869	4755	1216	479	56	43	292	51	76	239	124
K15287	30	915	11	11	4	12	4	4	30	3
K07509	868	441	24	2	0	1	2	2	6	4
K07508	226	217	6	2	0	1	0	0	7	0
K11423	948	4519	329	107	59	163	56	73	181	56
K11422	33	280	5	4	0	3	1	1	4	0
K11426	7	237	1	1	0	2	2	0	2	2
K09807	35	1016	13	6	0	42	4	4	41	9
K10773	23	370	3	5	4	5	6	0	8	0
K02641	61901	87093	16859	12048	4577	4366	1518	1822	4558	1763
K10777	9	644	1	2	2	7	3	3	8	3
K00416	581	954	69	29	11	31	14	6	34	16
K01900	44	1699	334	14	20	475	291	314	452	552
K14537	4666	2758	2661	43	236	544	397	508	658	584
K01948	9073	11836	1234	1198	241	501	97	156	548	218
K14535	953	707	293	8	12	88	57	54	83	88
K05928	105	176	5	6	2	7	1	1	6	2
K14820	5756	1794	1986	14	107	410	285	337	389	476
K00413	2801	7118	550	125	115	288	105	110	385	127
K00698	133	1767	129	73	73	231	32	14	132	22
K10357	653	9994	178	97	39	102	25	16	145	6
K00344	1727	1765	119	64	27	131	17	15	87	10
K12864	53	1222	8	16	16	13	4	2	22	4
K08504	258	1047	74	23	24	71	10	15	122	13
K14327	1305	5142	256	77	82	119	26	19	141	38
K14326	5900	4332	3050	151	284	778	469	540	866	678
K00520	31	263	2	1	0	0	0	0	2	2
K01835	867	751	22	34	5	9	4	8	12	14
K01834	9310	3543	936	77	83	340	152	161	361	243
K01836	161	1404	85	18	21	36	13	9	86	16
K00528	13	460	3	7	0	8	0	0	6	0
K14525	412	1279	8	24	2	8	4	2	8	5
K02516	1285	443	479	2	19	70	34	70	81	70
K00025	9	1356	25	15	2	26	11	5	26	3
K14213	1300	3032	1354	595	1157	868	719	915	501	855
K00794	48	1591	42	24	6	65	10	12	79	15
K02908	21537	2610	3218	172	374	649	479	555	698	720
K00021	431	1234	61	29	16	45	18	26	60	31
K17900	3020	5326	725	138	108	260	163	194	399	219
K02900	14980	2332	2460	187	264	637	384	496	653	594
K17907	49	1419	24	8	6	8	1	0	16	2
K02902	334	486	27	5	2	17	1	6	3	7
K02903	52461	9089	5827	343	543	1222	850	747	1314	1282
K15181	68	696	10	10	3	23	5	0	18	5
K00232	1143	845	78	17	12	27	8	3	35	11
K00234	63	3476	129	31	63	208	84	106	302	110
K00235	31	2195	48	19	19	105	47	35	147	47
K00236	31	1206	9	5	2	41	12	2	28	7
K01340	21	1345	9	12	16	68	6	5	51	11
K15637	12	534	4	4	0	1	0	1	8	1
K15634	174	306	8	2	1	5	3	3	5	3
K00022	14	52	0	0	0	4	0	1	0	0
K15631	518	2014	41	26	8	27	2	4	22	4
K14859	4179	1094	1517	15	86	379	276	279	350	345
K14589	249	173	127	0	5	26	13	19	28	29
K14855	4085	590	2064	24	151	441	307	329	516	455
K04536	230	1680	32	48	15	25	8	3	37	6
K01014	26	98	11	3	0	3	1	1	9	0
K14850	2954	496	933	25	55	208	106	189	174	244
K01011	683	476	230	6	3	193	65	66	216	106
K14852	5807	1549	2359	27	173	591	339	431	686	497
K01637	1692	1254	132	13	8	25	8	8	27	7
K00833	169	178	9	2	0	3	2	1	3	0
K00831	221	9288	131	110	187	298	72	67	585	76
K05309	143	46	11	5	0	4	0	0	6	0
K14455	7535	761	431	19	41	75	14	28	85	34
K14457	9	169	1	4	3	0	0	2	4	0
K01120	1314	6085	170	106	31	96	30	30	172	45
K02636	14642	25029	2572	1335	519	842	225	241	1006	233
K00891	1840	1250	184	37	15	70	10	22	55	22
K15452	1780	482	582	4	46	78	65	76	78	119
K15982	87	581	13	19	8	4	0	6	8	1
K15456	591	1633	171	27	5	50	40	42	45	63
K15455	589	233	415	0	12	96	88	92	89	130
K05312	262	256	55	6	8	15	0	3	19	5
K05316	41	1367	22	6	7	224	23	32	195	23
K09391	389	2161	139	27	13	29	8	11	24	9
K12859	53	183	15	18	25	45	6	13	56	18
K12858	65	842	11	6	1	2	3	0	8	4
K12852	416	1371	53	18	3	25	1	7	28	3
K12850	321	2016	28	33	14	101	32	22	128	52
K12857	221	2858	21	28	12	23	3	0	21	8
K12856	2996	12223	693	197	152	294	82	106	377	70
K12855	366	2430	77	35	16	43	13	19	70	9
K12854	643	5578	135	48	34	71	15	30	118	19
K02875	24716	4971	3146	176	303	765	411	494	728	840
K02876	1418	1806	208	29	21	94	24	24	62	41
K02877	28733	4143	7028	854	1584	1896	1252	1469	2018	2022
K02870	26468	3329	3859	164	315	780	524	610	775	788
K02871	443	479	52	4	6	30	11	11	19	11
K02872	16607	3661	2532	121	198	521	355	418	506	531
K02873	61448	12023	8549	616	775	1670	1090	1328	1780	1639
K03872	11	297	4	8	1	4	1	1	6	0
K02879	17417	8636	2454	405	391	652	201	220	566	261
K03509	120	325	27	16	9	13	4	2	23	3
K02056	201	1824	76	38	22	40	7	8	61	10
K03500	255	60	23	0	0	3	0	1	1	5
K06979	73	199	3	4	1	4	0	1	2	3
K06027	633	3907	141	100	22	131	27	23	194	48
K13108	71	394	26	3	7	7	3	9	12	12
K13109	112	1424	42	11	26	10	6	3	7	3
K13106	13	225	7	4	1	5	0	0	2	0
K13107	27	157	0	0	0	1	0	0	1	0
K13102	12	245	1	3	0	1	0	0	6	0
K13103	151	794	18	13	9	21	7	7	12	1
K13100	233	1040	10	12	6	22	5	5	28	5
K13101	6	142	0	1	0	0	0	0	4	0
K03524	281	671	5	7	4	0	0	0	6	0
K17757	3	398	3	13	2	3	1	3	4	0
K03094	1309	10448	435	110	99	260	106	109	293	60
K03097	1840	2190	278	46	57	134	51	56	100	55
K12501	489	97	8	36	2	7	0	0	6	0
K11274	59	564	12	16	6	26	2	1	19	4
K03259	4776	5219	643	117	79	246	102	117	216	206
K14753	51373	5745	7507	591	863	1856	1035	1166	1836	1513
K03257	57824	6333	7721	349	845	1690	972	1170	1946	1528
K03256	1562	351	524	8	21	95	68	71	88	97
K03255	9292	3828	852	22	99	176	141	249	248	363
K03254	10184	2164	2242	88	153	545	270	401	516	524
K03253	7622	1744	1595	63	119	437	228	232	428	391
K03252	11488	2639	2720	111	206	723	324	439	693	556
K03251	5917	1618	1668	51	99	433	205	328	418	399
K03250	5032	1971	1367	63	118	403	177	251	369	304
K12180	37	544	7	5	2	1	2	0	7	1
K12183	110	2063	63	20	45	167	20	12	96	5
K12185	58	778	24	20	19	33	3	7	48	8
K12184	58	391	16	8	5	46	0	8	68	3
K12189	13	323	4	2	4	4	0	0	6	0
K03650	1915	978	324	12	10	39	5	14	23	25
K03657	54	561	5	2	4	11	0	4	12	4
K03654	4	440	1	5	1	4	0	2	6	0
K06689	1536	4035	331	93	51	210	83	90	190	117
K06685	532	3256	105	76	48	187	21	16	138	26
K16536	28	1603	16	26	10	32	8	4	36	5
K03955	1192	2417	161	49	38	75	32	37	98	40
K06207	8837	971	1416	475	359	223	53	50	243	80
K09925	76	2537	67	45	68	237	11	12	40	5
K07374	2994	24732	3402	2552	1325	2669	1668	2565	2255	2445
K07375	1217	7189	2086	540	388	1309	657	1238	740	1407
K07376	2293	10545	1060	315	128	285	154	188	812	240
K11984	369	1552	43	29	8	48	7	8	70	21
K11986	3	130	4	2	0	0	0	0	5	0
K11981	86	351	21	7	4	14	3	2	8	7
K10583	499	2911	91	42	28	50	17	16	79	10
K10582	349	1344	76	25	14	45	20	22	43	25
K10580	312	1883	91	44	43	46	12	15	73	29
K07977	45	1188	11	18	4	24	8	5	42	6
K10589	117	2941	18	30	22	29	6	6	53	14
K11293	72	1131	38	10	9	27	6	15	23	8
K11294	7880	1464	2519	14	85	503	259	354	408	494
K11295	677	3766	221	93	74	40	19	19	70	23
K00759	23	1166	10	11	4	22	7	4	22	2
K00752	137	1627	98	17	49	1420	20	22	701	22
K00750	56	208	0	5	0	1	0	0	5	0
K00754	905	9219	270	102	59	155	26	46	174	29
K07573	922	726	151	1	7	56	27	21	37	48
K10903	17	243	3	5	2	1	5	0	20	2
K10901	114	1029	29	9	3	20	2	7	25	3
K07575	344	433	21	6	5	11	4	4	14	4
K10908	1220	582	644	20	39	114	98	126	151	146
K11188	681	635	117	40	34	12	4	5	32	7
K09810	1592	5570	737	66	133	182	148	116	187	132
K11364	457	1105	23	16	0	19	5	4	20	0
K11366	38	821	10	13	0	10	1	2	7	0
K10769	121	128	21	2	2	1	2	3	3	1
K10768	6	111	0	1	0	2	0	0	4	1
K11368	25	311	7	1	5	4	0	4	6	2
K11166	103	193	12	1	3	9	1	2	8	2
K11165	10	276	4	4	3	9	0	1	13	2
K01939	11694	2187	1563	105	119	415	142	142	457	247
K01934	545	1255	86	10	8	85	37	39	110	50
K01937	6317	2589	1726	55	114	368	194	221	288	374
K01930	206	152	19	0	0	0	1	1	1	0
K01933	9325	1233	2843	24	212	369	230	328	416	455
K00357	1023	873	132	1	5	37	6	8	16	12
K05956	22	278	3	6	2	1	1	1	11	0
K05954	5	49	0	0	0	0	0	0	1	0
K05955	249	2234	6	10	15	25	0	0	53	5
K07151	409	5631	117	107	33	174	52	64	198	58
K07152	488	951	75	49	33	90	25	18	57	6
K01166	519	1590	43	7	7	33	9	7	20	3
K00681	41	881	14	26	5	9	4	0	13	2
K07515	850	242	12	1	1	4	0	1	5	0
K00685	77	805	16	7	3	19	4	2	25	3
K14966	154	1775	12	25	2	27	0	2	24	7
K08515	181	5804	89	85	17	131	17	25	153	27
K08517	19	366	6	7	1	10	0	1	6	1
K08516	75	1220	9	23	12	74	3	5	58	7
K07901	773	8095	158	142	83	179	45	44	283	30
K01809	178	4744	171	98	21	80	32	38	149	56
K01802	4097	3361	1064	150	91	416	159	185	351	282
K01803	14443	22284	4420	1428	839	1351	567	646	1592	823
K01807	7763	8370	814	331	93	250	74	94	221	77
K15332	5251	356	1951	16	96	415	189	310	292	390
K01244	28	1447	12	14	5	11	3	5	13	2
K01243	79	233	6	4	1	13	8	5	12	21
K02918	13488	2056	1769	103	200	384	241	277	392	416
K02912	15302	2019	2494	163	332	532	338	411	592	578
K02910	9840	1345	1560	90	107	353	249	281	349	424
K02917	11879	1917	1514	72	112	309	223	229	348	356
K17917	813	8393	279	117	117	227	102	104	447	97
K05673	469	717	147	51	37	184	17	11	108	14
K00228	8609	2680	710	282	53	120	45	48	172	66
K15196	207	875	12	11	7	18	0	2	22	0
K00225	160	318	5	3	0	1	1	0	0	4
K00223	167	1615	62	17	16	15	9	8	24	6
K15192	26	143	1	1	3	3	0	0	1	0
K08098	116	278	22	7	7	13	6	8	9	2
K01069	1200	3025	170	64	36	65	22	22	87	27
K02687	6	54	0	0	0	2	0	0	1	0
K02685	30	443	2	19	0	6	1	0	4	3
K02684	24	403	5	18	3	2	0	2	1	0
K01062	16	151	19	5	6	78	1	2	27	4
K14861	3271	1060	741	8	42	63	21	31	64	53
K02689	60	4	21	23	19	51	7	7	57	13
K14863	4148	524	1454	9	74	339	141	223	290	273
K15849	1219	430	113	16	26	61	21	28	53	25
K13667	6	145	1	1	1	2	0	0	0	0
K18106	1586	530	113	17	11	19	6	10	22	2
K00826	2548	3444	516	91	52	190	85	92	184	144
K00820	3567	10590	1769	350	160	777	237	216	1431	323
K14564	18789	3041	4670	36	281	653	376	495	735	768
K15449	9749	4917	3893	103	340	884	434	632	971	794
K15448	1125	299	353	3	25	84	56	66	74	98
K01488	10	73	4	2	0	2	1	0	2	0
K15441	1714	352	656	9	29	136	68	89	135	135
K15443	1277	97	488	4	17	87	36	75	69	104
K08332	1	79	2	1	0	1	1	0	2	1
K14662	1	255	1	5	2	3	0	0	5	1
K08334	41	740	1	7	2	5	1	0	2	3
K08337	44	1234	5	7	3	11	2	3	18	0
K15446	284	84	87	0	1	22	12	9	16	7
K01665	172	180	43	3	11	19	2	2	8	5
K02469	2915	836	356	6	15	43	5	6	34	20
K01663	2371	480	529	30	39	81	48	66	64	57
K05307	49	352	4	2	2	2	0	0	7	1
K05305	17	1190	7	10	1	3	0	1	13	0
K01669	286	1135	28	34	15	42	1	4	20	5
K01462	374	837	39	21	9	22	12	4	43	15
K01469	187	1574	19	12	5	21	2	5	41	6
K02863	2250	4897	1102	88	239	689	201	136	644	164
K04498	13743	37657	4077	593	675	1407	354	532	1708	617
K02867	288	735	30	10	12	23	4	5	31	8
K02866	31745	6209	3539	310	382	1106	558	547	1147	824
K02865	48267	9428	12817	2222	4102	4896	2786	3051	5715	4114
K04499	118	376	15	0	1	14	4	4	6	3
K02868	20679	2773	2551	159	208	583	371	380	640	597
K09259	309	1986	66	38	17	29	4	5	61	3
K05544	2394	788	472	14	24	84	22	68	78	54
K05546	115	2308	18	13	7	21	1	3	29	3
K05016	116	950	20	44	8	20	2	6	23	3
K05543	420	346	71	1	1	19	5	11	13	16
K05542	3696	694	1130	32	71	405	186	242	406	270
K14006	79	2915	35	36	19	134	10	21	101	15
K14007	112	4928	28	65	10	56	12	17	63	11
K14004	115	1920	18	35	6	31	4	1	13	6
K14005	53	4107	33	37	9	41	10	12	53	20
K17292	21	112	2	3	0	1	1	1	1	0
K02260	276	437	66	13	9	40	4	19	37	3
K02942	28320	5326	2992	248	243	707	503	469	693	751
K02267	1624	2831	182	67	28	83	32	21	90	46
K02943	18346	3186	2096	160	214	534	301	304	540	492
K13289	984	24689	530	187	134	494	80	109	530	72
K03797	177	5233	50	77	15	56	7	3	79	12
K03798	3856	13846	2057	1491	1138	1432	211	244	1156	129
K13280	6198	3741	934	71	84	187	119	121	214	132
K02945	2892	386	735	7	43	134	102	92	103	143
K03403	17485	24072	2556	1527	623	517	255	300	989	231
K13119	56	417	3	4	2	2	1	0	8	2
K13118	498	1016	196	30	33	63	58	57	146	67
K03404	10655	2012	528	323	69	39	15	23	101	22
K03405	145	34	25	3	11	18	7	5	55	3
K13115	22	264	3	2	2	1	0	0	1	0
K13116	160	1477	21	17	9	54	2	2	47	5
K13111	26	843	12	4	2	17	0	2	7	1
K13110	134	591	19	9	6	7	1	1	12	1
K13113	9	143	5	0	2	1	0	2	0	0
K09647	218	472	69	5	5	24	11	2	24	11
K00721	294	1005	20	20	2	17	3	8	16	2
K07019	35	87	15	20	9	27	0	2	18	0
K09486	3166	1417	232	104	45	308	32	38	234	51
K09540	16069	4956	2297	295	249	1005	255	304	748	441
K02132	22525	13259	3079	1030	866	1058	537	695	1284	777
K09488	299	117	41	3	3	49	20	16	51	23
K09489	3291	6308	810	140	131	1056	326	407	884	557
K12883	252	467	13	4	2	6	0	1	14	2
K17618	11	1489	9	18	6	15	1	7	28	0
K17619	1551	573	275	17	27	60	27	40	57	43
K17616	71	2372	9	40	22	10	3	0	5	3
K08681	920	282	155	4	16	29	16	15	30	16
K08683	0	121	1	1	0	4	0	0	0	0
K12400	25	1525	5	29	2	7	3	4	15	1
K17430	1046	1603	81	14	7	26	4	2	34	6
K12403	23	1831	8	24	4	19	4	0	28	8
K11754	1004	992	374	18	31	66	61	43	112	78
K03136	280	860	9	22	16	11	5	0	13	2
K03132	67	628	9	4	4	10	4	3	6	0
K03130	473	3746	67	57	10	54	21	13	62	6
K03131	153	2169	15	23	8	31	3	2	16	0
K03139	139	424	48	8	11	36	0	3	33	5
K11996	1364	1404	583	4	32	338	157	177	420	214
K01082	103	938	16	16	1	10	1	3	19	5
K11578	34	455	2	6	2	5	0	0	4	0
K10578	37	1067	10	1	2	6	2	0	18	0
K10579	21	723	15	16	2	32	4	10	27	6
K10577	355	781	33	22	4	8	6	3	18	9
K10575	32	779	17	25	4	22	1	7	17	5
K10572	37	193	7	1	0	2	0	1	0	0
K10573	138	1030	35	17	19	56	5	6	23	4
K10570	4	94	2	0	3	0	0	0	0	0
K07095	27	703	10	4	5	3	0	1	10	4
K09613	7	445	0	3	0	3	1	0	4	0
K07098	34	309	10	1	5	53	5	0	25	0
K07561	4486	1098	951	4	49	145	56	62	93	131
K07560	228	241	17	5	5	3	3	3	6	5
K07562	6553	1588	2906	36	186	744	389	491	811	674
K07565	3513	567	1397	8	118	328	274	285	280	314
K07568	6541	435	826	18	45	21	11	14	8	32
K04532	23	679	10	6	2	10	3	1	20	4
K11373	2248	2002	683	36	58	149	48	74	145	89
K10085	566	3881	42	42	21	54	10	14	59	13
K11374	1424	246	848	2	30	188	99	131	163	188
K01923	2423	1009	421	13	43	109	35	39	104	53
K01922	30	153	2	3	1	2	2	0	1	3
K07893	10755	6711	1297	212	167	277	106	101	214	115
K01920	3005	2999	883	58	108	195	92	90	387	112
K07897	49	951	19	5	13	32	3	5	24	5
K00323	27	876	5	29	2	19	2	3	21	5
K16302	1903	3345	542	75	124	338	45	132	392	129
K00326	50	218	51	68	49	46	3	5	40	2
K00327	54	1870	37	48	38	115	15	16	157	18
K00328	101	106	13	2	0	1	1	1	2	3
K06944	1644	2304	300	34	24	95	60	54	88	60
K14785	774	336	278	6	21	85	36	59	77	73
K06947	469	218	117	2	5	25	9	16	19	20
K10808	3306	1570	701	35	45	85	42	47	57	81
K06943	13683	3457	5339	123	435	1220	785	1062	1415	1276
K10807	3125	5133	629	124	82	87	35	26	63	51
K14787	3117	1118	1781	20	114	380	278	364	386	441
K03940	700	2140	72	26	32	63	5	13	76	16
K09272	615	2692	138	70	13	111	29	80	92	78
K01814	749	171	47	3	3	9	2	2	7	1
K10393	66	33	44	4	5	37	7	7	68	6
K01810	629	1772	9	56	13	24	5	15	63	3
K15296	99	1387	33	16	7	87	6	6	60	4
K15292	136	1445	19	22	9	84	3	9	79	9
K06942	7114	1382	1079	83	99	245	114	164	245	199
K04040	1752	525	67	109	23	14	6	6	24	5
K15507	7220	964	1344	3	95	254	86	110	125	168
K14800	1369	222	495	9	17	185	100	136	147	149
K00783	293	337	12	2	7	5	3	2	6	5
K00784	4680	2509	772	34	38	227	67	76	139	120
K00787	247	317	44	41	5	28	3	10	15	27
K00036	2849	4996	1135	119	234	181	136	165	439	140
K00789	1535	16515	339	1559	158	127	86	81	207	83
K00033	7090	14098	2523	256	427	518	272	274	1196	310
K01259	116	347	2	3	0	0	1	2	4	0
K15109	222	1594	49	14	6	42	10	10	30	8
K01255	1367	2081	197	233	56	76	10	8	73	8
K01254	22	1043	0	38	3	4	3	3	3	0
K01256	251	2515	202	164	55	148	21	22	125	17
K01251	3795	18376	1187	4076	1584	1230	667	829	2130	691
K00252	42	729	9	3	3	5	1	0	12	0
K00257	54	158	2	3	1	4	0	1	2	2
K00254	397	270	62	0	8	14	4	5	22	8
K01079	1900	288	491	28	71	241	80	74	143	166
K01078	368	1426	34	18	9	72	5	2	24	3
K04554	173	1232	35	31	7	65	2	2	68	14
K18172	22	107	19	4	5	4	1	4	23	4
K18170	94	282	33	6	0	38	22	10	43	24
K00814	1612	5412	93	39	14	43	14	11	81	10
K00816	105	463	8	17	7	27	0	2	15	0
K00817	4225	1808	562	60	50	191	47	71	131	99
K00819	1350	1635	246	30	32	57	22	16	88	36
K08303	1265	553	219	2	10	25	10	16	24	19
K15276	810	5350	188	87	41	66	23	34	128	34
K15277	1440	4785	938	262	112	246	121	138	404	212
K15275	213	4885	78	63	26	51	9	9	80	19
K15272	1834	17960	475	237	87	185	60	77	325	72
K12598	4189	576	1683	22	118	390	225	300	436	419
K01493	115	573	20	1	8	8	4	4	13	5
K14674	119	394	4	1	2	0	0	1	11	0
K01490	10	1609	8	21	1	26	0	1	18	2
K01495	1280	476	382	6	12	108	42	59	84	68
K15279	485	7433	208	75	32	80	39	50	207	56
K01676	35	520	42	6	7	52	36	23	80	47
K01679	3114	1110	837	18	38	235	105	116	148	145
K01477	9	825	4	17	3	3	0	0	1	0
K03238	3615	927	607	43	51	193	109	135	204	218
K02898	16417	2335	2083	149	186	448	302	357	444	445
K02896	36796	7681	5186	362	546	1112	774	878	1241	1243
K02894	15659	2296	1610	86	120	375	202	239	352	302
K02895	902	655	123	14	8	34	12	26	35	24
K02893	20139	3127	2549	164	321	594	373	387	664	605
K02891	14763	1928	1792	137	170	338	203	245	427	401
K14018	27	1578	12	13	0	15	12	7	22	11
K01784	4912	1629	29	54	9	22	1	12	46	2
K01783	8063	8900	1644	982	360	333	78	80	273	125
K14011	20	2046	12	18	5	24	7	11	33	5
K01611	2864	1783	863	17	50	154	108	158	230	207
K14012	22	866	8	8	2	17	0	6	17	2
K14015	44	1882	14	11	9	37	4	11	36	10
K14016	124	1796	65	19	24	119	20	31	126	17
K02257	416	673	123	18	10	52	15	22	35	20
K02520	9665	1574	664	120	69	107	24	26	85	22
K03305	225	541	62	12	4	15	7	16	13	7
K03301	11116	1332	329	114	27	42	17	10	58	15
K02259	144	145	16	9	11	34	2	3	18	4
K03783	498	14156	104	184	8	119	7	12	76	0
K03782	128	1055	49	16	9	12	8	11	14	6
K11713	18	485	2	7	3	6	2	3	18	0
K09415	975	15946	260	118	146	550	48	65	567	88
K13120	89	709	15	5	5	12	2	1	9	2
K13121	25	117	10	4	0	1	1	0	1	0
K13431	26	608	5	4	3	6	2	1	6	4
K14709	1216	749	58	14	12	36	8	6	33	4
K13125	75	463	15	10	7	32	2	4	22	1
K13126	52369	5785	12811	297	887	3688	1416	2011	4055	2884
K13127	85	508	6	10	6	10	6	9	17	4
K11717	376	814	38	10	12	53	28	19	77	29
K17732	349	949	74	13	15	27	14	9	33	14
K03239	356	655	68	7	11	9	8	9	22	8
K09650	92	123	8	1	7	1	0	0	2	0
K06173	215	142	12	3	0	5	0	0	3	1
K02324	30	490	1	20	1	1	0	0	2	1
K06174	5965	2564	887	99	111	248	91	103	267	116
K02326	94	2203	9	42	14	28	2	6	56	19
K02327	29	554	7	19	1	0	1	1	2	2
K03231	79069	14331	13207	685	1601	3478	1841	2222	4115	2726
K06178	100	103	6	0	1	2	0	1	1	0
K03235	112156	29011	29094	1274	3104	5902	3104	3999	7411	5147
K03234	85188	15215	13894	940	1806	2887	1322	1744	3723	2310
K03237	3693	362	620	40	61	189	76	86	201	133
K03236	3402	1067	533	30	59	204	59	81	186	158
K16732	9	311	0	3	0	5	0	0	1	0
K09490	12159	5611	1638	1275	1023	1363	611	735	1491	655
K09497	78	691	10	20	8	35	16	18	33	7
K09496	615	1952	96	58	30	121	49	55	74	68
K09495	66	859	8	20	5	19	10	15	20	8
K09494	54	501	3	21	4	23	10	13	15	11
K09499	304	1071	38	28	15	61	26	32	69	53
K09498	114	554	10	31	7	43	8	8	30	14
K17609	510	1750	94	16	13	259	42	26	192	43
K12898	3857	903	449	3	11	73	11	16	35	26
K17605	91	803	13	3	0	10	0	0	9	2
K17601	25	245	4	0	0	5	0	1	5	0
K17600	98	3311	32	54	14	20	4	2	38	8
K17424	888	1068	132	14	7	42	20	18	38	13
K17427	2191	1660	209	25	26	65	7	27	45	40
K17422	716	669	33	11	4	14	3	3	17	7
K12418	233	1710	545	268	202	315	72	61	410	37
K03125	1114	6752	153	61	42	97	25	46	149	16
K03120	99	463	2	6	5	7	0	0	7	2
K13941	298	699	14	7	1	8	0	3	19	0
K08832	171	4750	66	65	31	78	18	22	82	13
K12524	5772	926	224	41	15	132	19	26	74	42
K11968	197	2239	26	26	11	78	8	8	78	13
K10569	3	97	0	2	0	0	0	0	0	0
K02836	304	151	57	1	0	13	2	6	11	4
K07953	147	2706	58	54	3	61	23	37	97	30
K10563	1	60	0	1	0	1	0	2	0	0
K03424	165	466	14	10	3	12	0	2	11	1
K10960	54563	56797	4890	2698	673	1129	571	795	1362	738
K12621	177	377	4	4	1	9	3	2	6	1
K07555	32	521	24	8	8	54	2	4	39	6
K07556	300	527	101	18	5	29	11	19	46	38
K06316	112	512	26	8	0	4	5	2	7	2
K14341	224	2643	40	11	29	18	1	1	0	0
K10704	929	3793	214	87	28	145	27	30	121	21
K10706	1893	7210	399	133	108	348	71	71	552	76
K11145	67	125	5	1	0	1	0	0	0	0
K12392	105	3994	38	61	9	48	15	10	66	10
K11547	133	2266	21	30	11	10	2	0	19	0
K06955	331	99	12	4	1	2	1	1	5	0
K11548	22	536	4	10	3	0	0	0	1	1
K10365	35	844	8	7	6	32	14	18	75	17
K10364	9	418	2	5	3	4	5	0	7	3
K12587	585	593	71	6	9	28	5	7	20	11
K10633	39	995	8	11	5	10	1	1	13	0
K10843	351	2422	15	15	10	24	0	8	34	8
K09123	15	599	0	8	2	4	0	0	2	0
K15289	22	271	4	6	0	6	0	0	3	0
K01866	1310	414	105	16	9	83	12	29	69	47
K01867	1921	598	333	101	58	177	49	64	148	79
K00226	228	142	17	0	1	2	2	0	3	3
K15283	6351	6515	749	821	137	50	18	34	71	23
K15281	9	356	5	2	2	1	1	2	1	3
K15280	49	502	0	8	8	3	1	0	4	0
K10389	45	356	0	5	1	2	0	1	5	0
K04607	4001	3515	1088	87	116	260	167	224	436	200
K15284	71	674	10	12	2	10	0	0	10	2
K15045	51	208	9	2	6	4	5	3	6	4
K15040	11622	3777	848	93	60	348	195	202	338	327
K00222	78	505	12	23	7	9	3	5	12	0
K00029	100	2393	46	83	15	37	3	4	16	1
K00799	9701	14061	2062	249	323	642	386	364	927	394
K00671	159	737	30	28	9	30	18	16	39	20
K00797	3629	2360	859	22	39	218	97	152	167	168
K00026	82	322	27	6	4	18	6	8	11	7
K00793	2032	1205	172	32	10	52	8	13	20	4
K00020	92	1592	15	15	4	36	1	1	18	7
K00791	284	369	30	3	2	13	2	3	14	2
K00790	18	746	1	6	5	10	4	8	20	6
K01269	177	657	10	25	5	7	1	0	11	0
K01262	135	1514	100	77	41	92	14	16	56	9
K01265	9422	6009	1675	97	189	444	226	258	489	290
K01267	89	1063	27	14	8	10	0	3	22	7
K14772	7392	1823	2939	21	155	588	128	298	645	506
K01414	21	2760	67	143	79	203	10	15	245	17
K00248	374	100	1	2	0	3	0	2	3	3
K02320	64	1114	6	30	3	2	0	2	2	2
K01315	71	745	6	5	0	5	0	3	0	0
K01792	2050	3194	354	239	96	77	12	26	94	29
K01312	8236	16918	3434	770	1295	959	174	793	2682	496
K14773	699	409	293	4	16	85	50	67	74	76
K14864	399	186	49	2	5	9	3	4	7	5
K11827	33	1375	8	21	2	31	3	3	36	0
K18162	60	347	2	2	1	5	0	2	5	1
K00809	1075	365	274	4	6	51	22	29	35	28
K00806	119	688	30	14	17	18	5	6	9	4
K00804	3	224	0	3	0	3	0	0	4	0
K00803	127	872	74	11	18	26	7	12	33	17
K00801	230	1845	102	58	31	70	52	78	117	65
K00800	5483	362	464	27	38	51	25	20	30	53
K15463	445	124	142	2	2	18	2	4	15	10
K08311	393	286	34	20	8	18	2	0	4	2
K11438	357	64	34	2	1	5	0	3	11	9
K10436	8	178	2	4	1	0	0	0	0	0
K14648	4315	13029	1276	226	218	505	185	171	870	236
K15264	1837	449	849	4	32	164	86	138	166	177
K14399	393	745	90	8	8	27	3	17	21	16
K15263	3611	461	1340	10	55	299	193	209	280	348
K15262	1600	236	687	8	34	178	86	124	167	205
K14640	552	242	29	0	2	36	2	1	19	5
K14396	1272	1767	185	26	25	30	20	31	59	58
K01689	29154	1926	2780	130	234	884	470	473	888	805
K01687	9711	300	336	16	22	5	4	9	18	17
K01682	1177	11497	1303	59	112	920	478	613	1410	751
K01443	26	414	3	5	4	7	0	3	18	0
K02889	12964	1892	2235	259	382	471	395	405	562	502
K02885	20550	4425	2654	192	323	591	381	426	661	570
K02880	18749	3512	2789	159	232	596	363	440	638	603
K02883	38023	7034	7187	388	549	1424	900	1025	1565	1407
K02882	13840	2206	2178	102	210	411	298	324	500	436
K04564	209	2503	39	51	10	50	21	16	73	19
K02069	30	641	10	3	2	3	0	0	6	0
K04567	16199	1754	3167	64	194	645	301	456	642	583
K14806	2247	814	1680	17	120	352	230	353	390	436
K14807	955	335	235	3	10	41	8	31	26	29
K04563	59	634	12	6	10	17	7	14	19	12
K14808	4507	1684	2299	30	201	480	283	343	605	499
K14809	2557	1143	1385	15	103	278	182	202	347	293
K02537	34	1008	14	7	3	7	0	1	1	0
K02087	138	2207	12	44	10	47	3	1	12	1
K13137	58	1070	4	8	5	11	4	4	13	2
K12589	349	354	69	0	5	10	9	15	8	20
K13138	155	1629	34	16	9	18	6	5	32	4
K03428	2067	548	141	118	31	45	10	14	54	7
K03939	622	1233	30	28	5	27	4	4	30	5
K13421	14104	1270	4743	28	184	669	501	623	549	792
K00586	3253	3176	1082	19	50	335	165	233	307	245
K03426	291	372	5	1	2	1	1	1	6	0
K17637	115	5211	61	44	10	60	6	10	97	6
K03932	2668	327	280	67	94	78	19	13	331	35
K12394	24	947	13	25	4	10	3	4	16	4
K12396	66	2024	24	19	3	33	4	9	19	4
K12397	39	2564	19	34	7	139	55	59	252	109
K12391	75	4840	26	82	7	29	6	5	39	5
K03750	44	187	6	2	0	1	1	0	1	1
K12393	135	2977	20	45	12	28	6	5	39	5
K12398	56	594	18	4	3	16	3	0	34	7
K12399	132	535	13	12	3	23	3	2	15	0
K02335	721	2609	131	38	11	22	18	12	27	29
K09667	4	397	1	9	3	3	0	0	5	0
K09660	298	394	17	8	7	10	2	0	26	1
K02331	10618	2033	5129	56	291	805	541	846	998	940
K00589	117	851	211	4	27	675	307	300	955	374
K03680	670	713	93	5	11	22	5	9	24	4
K03681	677	608	101	4	4	23	3	7	14	9
K03686	3220	693	687	82	92	285	69	101	200	122
K03687	3419	2108	301	41	35	214	82	75	155	57
K12175	19	907	2	8	1	3	0	0	3	0
K12176	48	1058	25	18	6	10	16	6	14	6
K12179	19	776	4	9	2	9	1	1	5	0
K02969	17890	2920	2368	153	241	550	326	399	506	469
K07300	1741	11024	400	176	120	420	72	140	433	108
K03113	3687	1640	644	46	62	179	98	106	163	134
K07305	155	484	16	12	6	9	2	0	9	3
K07304	13033	18140	5292	515	1093	1606	793	827	2443	916
K03116	1436	264	59	24	3	12	0	3	10	2
K08825	256	1917	311	64	108	163	142	115	72	64
K13950	10161	1521	4675	55	328	1020	616	822	1196	1082
K08827	46	422	3	6	2	3	0	2	7	0
K08333	101	3385	26	32	8	26	2	2	68	4
K08823	273	425	68	5	9	28	10	4	27	15
K15445	242	354	27	0	0	5	7	3	1	12
K14682	299	1139	33	15	11	38	3	15	80	20
K06099	57318	1891	3453	418	380	537	307	329	369	351
K01529	3742	2647	1946	68	165	660	285	372	580	464
K11600	910	611	154	5	7	50	13	17	22	21
K03115	88	755	21	12	4	15	4	5	26	2
K16075	45	819	1	6	0	16	1	6	17	2
K08794	759	8464	148	140	43	192	23	41	177	37
K08790	185	3633	97	80	44	305	20	12	147	22
K06892	32	1171	19	8	10	2	0	1	4	1
K06890	19	503	1	2	0	7	2	3	18	8
K07238	2038	6831	180	139	53	126	35	24	236	56
K09843	46	1592	6	12	2	12	4	6	22	5
K07542	132	665	12	12	4	17	2	8	34	6
K10956	5941	6224	778	176	100	231	111	131	266	183
K09680	169	1372	17	10	3	19	0	3	25	0
K12606	702	2920	210	103	113	132	62	119	140	103
K12604	2421	11684	607	158	125	292	102	115	479	127
K12605	304	2101	32	39	17	52	9	14	60	6
K12603	1889	9749	342	217	144	238	38	62	258	72
K12600	341	710	124	19	14	27	13	9	39	20
K11155	95	1002	102	42	85	51	47	63	48	44
K12608	12	75	28	36	15	23	7	4	15	1
K00658	40	1112	37	9	7	191	75	62	186	88
K00654	397	4048	187	96	61	107	22	20	151	35
K00655	2548	1088	206	118	9	61	22	19	86	26
K00652	5	23	3	1	0	0	0	0	0	0
K11805	159	1969	68	33	22	45	16	7	59	7
K06669	47	1954	25	40	17	27	10	7	43	3
K11806	1957	657	672	13	46	159	77	109	122	164
K07943	23	123	2	0	5	6	1	1	1	3
K07942	58	793	17	10	5	12	5	2	20	3
K16274	4	74	2	0	1	2	1	0	1	0
K11808	4856	673	1152	9	50	184	57	91	164	190
K07126	25	842	21	15	0	3	0	8	13	0
K10601	94	2646	12	23	4	20	4	10	28	8
K10603	8	307	2	2	0	5	3	0	2	3
K10606	0	48	0	0	0	0	0	0	1	0
K01870	15557	3404	2837	422	389	824	213	247	918	401
K01873	10971	3296	1850	149	151	582	172	244	479	315
K01872	10544	7995	2937	643	544	2213	313	427	1525	451
K01875	2838	946	270	45	20	147	24	55	107	96
K01874	2622	552	237	17	18	181	10	30	113	37
K01876	2407	2468	173	86	48	133	20	24	102	18
K15078	211	573	49	14	7	7	4	2	14	2
K07055	115	68	12	0	0	2	1	1	7	0
K10735	6	344	2	4	0	5	1	0	12	1
K10737	0	102	0	2	0	8	0	0	2	0
K10730	7	202	0	7	0	1	0	0	1	0
K10732	8	171	1	1	1	3	0	0	2	0
K10733	42	423	22	4	1	15	6	7	8	7
K00010	87	18	0	0	1	3	0	1	0	0
K00012	123	7373	124	128	34	56	18	19	78	29
K10738	10	511	3	4	1	4	0	1	2	1
K10739	45	381	1	13	0	4	1	0	4	0
K15382	125	804	11	4	4	20	0	1	10	1
K03965	636	1179	62	23	10	37	5	12	25	8
K10047	12	112	0	3	0	3	2	1	2	2
K09250	771	1249	221	17	16	116	27	42	99	54
K08495	164	3758	34	34	26	25	14	7	55	8
K08496	3	158	0	3	0	4	2	1	5	0
K04798	811	1451	121	13	13	55	21	16	76	46
K08490	99	1368	15	25	6	33	10	7	26	4
K08493	109	1567	28	21	22	51	6	10	77	6
K02864	11141	5549	1407	195	182	259	118	100	208	128
K04797	108	308	16	0	1	8	0	1	7	7
K04794	273	231	6	3	1	2	0	1	4	0
K00476	5	82	3	3	0	3	0	0	3	0
K00472	328	5485	32	53	11	64	9	9	84	9
K01303	199	951	2	40	4	13	2	0	23	4
K01304	9	200	1	1	1	1	0	0	0	0
K04773	38	1466	11	15	6	32	7	11	40	25
K05850	62	4134	49	48	17	77	25	27	130	23
K02980	13356	2281	1602	92	200	361	288	288	443	420
K18158	19	70	2	1	1	4	4	0	3	1
K00872	825	824	76	16	7	40	6	8	42	6
K00873	17760	4093	4557	310	373	1825	1020	1179	1498	1348
K18156	121	425	10	2	0	6	2	1	6	0
K04487	176	2472	60	38	29	81	20	14	61	19
K04485	3	57	0	0	0	1	0	0	0	0
K04482	24	589	7	7	2	24	1	2	9	3
K15498	73	558	2	10	2	24	2	3	21	3
K04488	419	2697	75	18	20	95	25	18	101	24
K04371	119	2387	38	23	14	7	2	1	4	1
K11086	236	372	33	5	4	15	8	2	11	8
K01698	3729	239	48	90	4	1	1	2	4	3
K01694	5268	2889	823	177	204	239	75	96	299	67
K01697	39	1441	17	21	6	24	6	0	38	2
K01696	18	959	13	3	1	6	0	2	8	5
K01693	2168	1031	289	35	49	113	31	59	98	48
K00901	353	2711	128	32	72	34	11	16	75	19
K14811	7467	2504	3570	59	241	702	518	684	802	781
K14810	4665	1466	1966	40	134	455	192	353	432	472
K01057	94	642	11	20	8	37	0	1	18	2
K04575	10	567	10	2	4	111	5	3	80	7
K14816	3142	1235	1582	17	119	519	320	331	500	423
K14819	263	262	28	2	6	7	4	2	8	13
K05516	118	377	68	10	4	59	9	28	41	19
K13091	3945	4605	1995	94	168	455	304	427	545	578
K02503	13	540	0	0	0	5	0	0	2	2
K13094	324	5052	92	24	22	40	20	0	44	9
K13095	925	3036	79	30	28	77	13	8	83	24
K13099	101	713	4	15	2	7	0	0	5	0
K04507	58	1067	51	11	4	75	12	19	56	22
K09512	37	1104	35	29	0	8	2	4	18	4
K12948	710	1393	40	28	4	36	4	4	39	8
K13144	40	557	15	9	0	6	4	0	26	4
K00627	6196	12484	1290	445	194	1135	396	469	1196	666
K12947	1245	1694	66	40	4	34	7	14	57	8
K12946	278	318	36	7	2	14	4	7	7	5
K09518	214	678	56	18	10	49	9	13	51	15
K03439	911	54	83	1	7	33	9	11	23	20
K02437	591	1484	64	53	6	26	5	3	34	5
K03924	510	1174	15	6	0	32	0	0	13	0
K14724	15	751	4	3	2	15	2	0	2	0
K03437	696	421	28	8	2	6	0	10	6	8
K14721	875	1318	98	20	12	24	0	0	34	10
K12381	37	103	3	3	3	1	1	2	3	0
K03217	3826	1011	196	58	15	74	36	35	64	46
K12386	90	595	24	12	4	23	5	5	32	7
K12385	438	2331	173	184	56	104	18	13	149	9
K12389	3	139	2	3	1	2	0	1	1	0
K06158	5291	4631	529	92	163	869	86	115	643	154
K11976	11	165	4	2	0	5	0	2	1	1
K02342	1158	130	193	2	8	67	20	33	59	19
K03696	41	2162	75	149	60	110	7	21	114	5
K03695	47	544	62	4	16	330	24	56	131	31
K03327	137	542	67	21	19	17	8	20	29	14
K03321	3310	4812	983	138	81	330	142	171	427	201
K03320	10138	27196	2972	1394	526	1519	765	861	2449	1239
K13960	10	129	1	2	0	8	0	1	1	1
K12169	1138	11537	497	115	108	296	74	128	347	152
K13963	77	1711	170	21	62	102	27	42	794	60
K12160	601	1756	99	33	7	43	12	7	35	6
K08818	46	183	2	3	0	3	0	0	3	1
K04802	243	2591	33	95	6	6	5	6	7	4
K03108	686	1340	22	37	2	54	13	9	52	14
K03107	493	1106	41	26	8	30	8	7	28	15
K03106	1210	1707	121	83	43	93	4	12	60	7
K03105	210	824	31	9	10	26	9	17	37	3
K03100	1084	908	29	22	5	14	2	8	9	1
K02949	32150	6912	4461	253	454	1042	515	653	998	749
K07208	833	780	139	43	14	63	21	17	42	22
K11493	705	1919	175	18	20	98	16	22	78	41
K06883	1474	1107	394	9	22	147	59	71	96	83
K07200	1214	1184	56	49	27	33	4	9	38	4
K11498	5	149	2	1	2	1	0	2	1	0
K07203	861	3584	66	13	8	42	10	18	57	19
K07204	349	4221	40	26	14	39	8	6	60	0
K17662	116	52	21	5	2	9	0	1	7	7
K02224	118	263	12	0	0	6	0	3	2	2
K12614	476	4827	58	72	12	67	12	23	85	28
K11128	1893	630	241	3	14	37	20	34	35	33
K12616	692	773	60	15	9	16	4	6	27	5
K12611	177	859	40	18	2	12	4	0	24	4
K12613	503	1431	29	17	4	37	2	8	32	8
K12619	2806	2287	1045	35	70	158	77	107	150	151
K12618	1553	8053	150	131	67	190	51	70	286	80
K00485	77	1215	9	6	2	18	2	5	16	8
K07442	921	175	525	3	18	98	68	77	70	131
K00318	583	3951	113	20	86	101	4	11	137	9
K00648	3786	1865	85	211	14	21	6	0	14	8
K07112	72	1494	52	6	11	48	6	18	70	7
K08678	212	8847	146	143	34	66	19	14	124	24
K08679	713	2635	312	160	65	240	48	71	143	47
K00311	435	680	41	15	8	29	6	6	21	2
K00641	894	435	489	29	42	105	52	82	108	80
K00640	1189	3553	424	62	84	225	60	38	307	76
K10839	541	10157	167	105	48	181	64	47	193	103
K10838	10	121	1	4	1	0	0	1	3	2
K07936	5053	2589	647	40	81	200	119	132	190	209
K07937	1525	10683	379	380	227	581	272	214	590	274
K11836	30	778	7	4	3	10	4	4	13	5
K11838	864	336	341	11	34	218	83	109	105	178
K11839	5282	12352	693	250	164	437	137	192	500	178
K02930	44427	7606	7621	429	594	1651	974	1195	1526	1459
K13448	1108	3977	90	72	26	94	19	7	110	11
K10610	52	2851	7	32	4	27	0	4	27	2
K17065	26	1079	5	25	5	8	2	2	17	1
K01845	7616	1191	593	509	121	64	19	19	113	25
K01847	4	102	0	0	0	0	0	0	0	0
K02934	11656	1482	1612	80	103	288	142	207	304	301
K00006	607	601	400	139	147	125	157	153	103	148
K15335	5291	1033	2713	21	143	528	355	480	668	593
K00001	26	108	0	1	1	0	0	0	1	0
K10728	4	228	5	6	1	2	0	1	2	1
K03635	1	30	4	0	0	2	1	1	6	3
Unknown	19069170	24774477	4924473	2329270	3224036	2397620	1608261	1715730	2473196	1756400
K03141	198	805	13	11	7	13	2	2	12	3
K08246	230	2343	113	45	27	61	17	9	63	26
K17681	2311	49	260	6	14	112	42	64	92	93
K00262	187	4928	55	21	20	155	24	21	172	19
K15664	218	884	34	7	4	24	12	5	28	18
K00264	9179	32035	4964	206	530	1522	652	874	2261	1023
K00464	289	1503	31	20	30	31	2	4	43	0
K00645	1921	1167	279	302	40	34	8	18	40	17
K00492	11	268	3	6	0	3	0	2	1	0
K01990	559	2674	504	53	219	702	105	125	835	135
K00718	89	466	14	10	2	6	2	3	13	3
K00469	147	25	4	1	0	1	2	0	1	2
K01519	2430	979	246	9	14	28	12	12	11	4
K01517	51	355	5	16	0	6	0	0	6	2
K01514	55	1229	7	8	5	13	0	5	24	0
K05692	1298	15213	325	472	165	632	256	317	626	334
K05695	1380	75	34	0	0	1	0	2	2	1
K01510	59	960	64	43	12	13	6	5	33	19
K00869	6	110	0	5	0	0	0	0	2	1
K13628	587	2092	79	27	21	88	22	21	72	18
K00861	136	286	6	3	3	7	0	1	4	0
K00860	21	274	1	6	4	4	0	2	7	0
K00863	34	332	9	42	5	3	0	0	8	5
K04345	801	25636	287	295	84	192	45	57	268	59
K01191	174	222	24	5	1	10	1	2	18	7
K01201	83	1243	839	4	49	523	249	319	775	462
K05768	11	825	1	6	0	3	2	1	9	0
K05765	144	1498	23	26	7	21	13	14	28	16
K15711	75	627	10	8	0	11	3	1	10	1
K15710	32	288	21	3	6	13	2	5	11	4
K00914	1362	7830	472	127	128	227	78	98	195	118
K00910	192	2064	34	37	13	45	11	9	76	8
K00913	2180	2291	1086	36	45	246	178	165	183	242
K01595	13243	2337	1154	143	74	174	48	114	137	134
K00919	540	128	7	24	1	0	0	0	3	0
K01427	345	2351	47	25	17	62	9	14	111	12
K01424	144	440	6	4	0	3	0	1	2	3
K01008	255	1184	33	4	1	26	7	3	27	6
K14538	7664	2007	2958	45	208	734	407	624	843	687
K14539	5282	1690	2835	20	164	567	361	473	523	570
K14536	1013	508	533	7	33	207	81	112	147	110
K14289	1376	918	398	19	29	114	46	54	87	71
K14827	2193	1077	840	8	45	133	47	102	119	137
K08065	1600	282	460	7	26	85	14	15	88	33
K14821	2326	1443	748	20	57	195	161	188	203	223
K14823	13262	2776	4731	44	273	1036	636	800	1127	988
K03595	2735	403	97	0	5	15	4	3	7	15
K03596	1969	3106	164	76	48	70	12	27	90	19
K02518	2684	1149	104	73	15	24	6	9	14	0
K05236	137	7198	44	107	13	70	15	18	76	8
K02510	13	340	2	4	0	3	0	0	4	0
K01736	14457	4630	1764	215	218	311	103	138	284	159
K01737	122	159	8	2	4	6	0	4	8	1
K01734	2254	33733	739	183	75	387	113	145	413	125
K01735	2714	3757	661	189	68	272	117	140	406	212
K01733	3450	1089	1142	67	105	202	118	142	168	172
K01738	847	3273	73	33	8	34	6	3	35	9
K16914	3186	248	1594	2	24	287	102	221	177	273
K09506	782	213	361	6	16	83	48	62	73	74
K09500	253	700	21	14	8	59	23	24	22	42
K09503	6415	2388	2362	84	208	662	412	449	588	510
K16911	11978	2061	2293	100	200	411	230	287	350	328
K03911	278	842	113	18	88	75	9	35	335	40
K03773	208	3517	98	47	10	123	26	23	127	27
K12373	1553	17416	704	188	117	338	128	61	415	192
K02358	3614	1455	366	61	68	228	74	118	270	160
K02350	23	241	1	1	0	6	3	1	3	0
K02355	26921	5193	5831	1193	1262	1758	416	444	1861	506
K02357	11081	879	1211	245	164	295	67	75	253	112
K02356	1623	754	146	79	24	50	9	4	36	9
K17655	1724	1015	870	203	260	284	336	326	213	408
K00088	10803	879	3470	8	174	813	402	502	843	797
K03353	11	711	4	9	3	15	5	1	11	1
K03350	39	743	68	21	23	43	32	38	10	14
K03354	90	1722	9	9	6	54	3	5	34	4
K03355	19	445	0	11	2	2	0	1	4	1
K03358	11	140	0	1	0	1	1	1	0	0
K03178	6305	37650	1026	521	338	459	129	124	454	118
K03177	989	135	118	1	3	21	5	8	15	18
K11320	357	4827	121	50	36	67	28	35	136	32
K16671	2526	2277	1706	23	100	387	402	420	524	558
K15172	1005	3556	210	59	40	125	45	39	164	43
K17279	939	20675	707	289	185	497	198	179	833	185
K03011	631	1894	95	37	14	57	9	10	33	16
K12571	1056	6256	138	69	22	87	33	38	154	24
K12572	445	1464	20	14	14	22	4	4	30	5
K12573	1722	820	434	9	25	59	38	40	75	59
K17506	337	1275	39	11	14	24	6	2	30	12
K17500	953	2631	108	29	34	148	12	19	160	52
K16056	14	355	0	4	0	4	2	0	7	2
K16055	4596	11201	364	218	99	264	63	51	315	36
K03006	2153	5650	346	132	70	297	61	82	314	74
K03007	1607	576	250	8	27	42	22	20	53	54
K03004	5	202	1	4	0	0	0	0	2	2
K03005	2267	575	673	6	23	109	88	134	105	156
K03002	6840	450	2983	13	166	485	298	402	512	575
K03000	2640	469	668	0	47	106	117	149	123	182
K12591	1699	1679	499	31	39	138	52	58	115	105
K03008	734	1210	230	13	20	64	28	35	67	55
K12599	1194	2622	114	31	16	36	6	12	34	16
K12402	38	1027	5	23	7	8	5	1	10	1
K11488	18	464	1	3	1	3	0	1	2	0
K04907	12	715	10	8	1	13	3	2	15	3
K06180	1233	115	250	3	6	20	12	19	13	40
K06182	290	222	29	0	0	8	1	2	8	3
K01137	178	2767	167	85	30	49	30	28	149	40
K06184	5782	1575	1924	73	166	567	229	314	605	394
K06185	11136	5758	5448	299	472	936	668	875	1177	1071
K06638	288	883	7	8	3	13	2	0	13	0
K06639	1355	5039	606	99	90	186	22	41	106	34
K06636	39	3129	15	38	9	16	2	5	41	2
K11718	733	2845	113	54	15	49	15	41	124	36
K06634	37	638	5	9	5	12	0	0	12	4
K06632	42	377	3	5	1	10	1	1	5	0
K06633	197	2680	43	20	20	38	11	5	45	15
K06630	7113	12968	1054	220	222	464	290	299	588	403
K06631	82	1702	38	19	23	5	0	1	3	2
K15340	60	1319	33	24	18	23	3	8	146	10
K07588	9	115	0	1	0	2	3	0	3	0
K02983	16958	3539	2246	164	239	550	340	299	577	473
K12620	172	184	17	3	6	14	6	8	11	3
K14833	5822	2016	2721	32	240	527	367	444	694	594
K12622	147	450	16	8	3	14	2	5	12	6
K12623	84	283	3	4	1	1	0	0	7	2
K12624	203	1181	23	27	0	12	9	2	19	2
K12625	188	1165	21	21	6	31	3	4	47	9
K12626	140	776	46	19	2	16	8	4	15	0
K12627	99	249	19	5	1	4	2	0	7	1
K11131	7149	965	1571	14	84	216	103	139	185	204
K11135	1960	1516	863	23	54	232	149	186	237	229
K11137	89	742	10	5	1	9	0	1	20	1
K10842	43	354	13	2	1	6	1	2	6	4
K00679	37	998	13	15	0	9	0	0	6	1
K10841	32	139	15	1	2	6	3	0	5	0
K10846	74	409	17	6	4	6	6	4	8	7
K10847	2207	897	499	9	20	159	68	97	158	140
K10844	427	1671	49	20	20	19	0	7	17	4
K10845	7	101	0	2	0	2	0	0	2	1
K00670	2481	2641	334	58	42	199	48	104	206	151
K14521	12971	1375	5485	24	349	1079	442	689	1112	976
K10848	28	422	1	5	1	5	0	0	6	1
K10849	15	130	11	1	0	0	0	1	1	2
K14292	3437	2108	706	38	73	185	95	113	210	159
K10536	61	387	15	3	7	32	1	4	26	4
K10534	2881	29451	6008	249	1248	4045	1766	1933	6843	2317
K06980	287	1049	47	12	10	17	9	2	20	20
K11826	167	1418	45	20	5	48	8	9	36	7
K11824	60	1970	19	35	5	46	7	3	51	2
K13830	6551	2823	1432	314	606	424	365	427	473	450
K10661	751	2594	117	40	21	127	22	17	117	19
K17890	24	640	2	2	6	5	1	1	11	1
K01858	16	485	10	19	2	34	11	2	35	0
K15016	471	134	5	1	1	2	0	1	4	0
K00587	32	651	12	9	5	8	1	3	14	2
K15014	25	221	0	0	0	1	0	1	0	2
K15015	3016	625	1984	17	59	486	260	390	381	491
K01853	20	1569	8	32	4	20	6	8	23	9
K01850	449	672	16	17	10	18	2	3	17	1
K01855	932	360	319	5	21	99	52	65	63	82
K01854	53	1324	19	11	11	25	9	12	59	21
K00072	10	66	1	1	0	0	0	0	3	1
K00077	0	103	6	3	0	0	0	0	2	0
K07240	334	5530	26	15	6	89	1	2	99	2
K00078	45	238	6	20	1	10	3	0	21	4
K07243	6577	231	451	36	52	151	15	20	33	40
K08272	9	141	0	3	0	1	0	0	3	0
K15128	22	246	0	4	1	4	0	1	4	0
K00297	101	1491	23	140	17	32	8	8	39	3
K00294	295	581	26	3	6	19	1	2	21	1
K00295	4843	570	2008	5	61	309	192	313	286	392
K00451	14	1261	6	3	3	13	2	3	17	5
K00454	2261	12022	282	97	44	121	52	34	238	51
K00456	6	1839	5	1	12	17	1	1	10	0
K00457	33	150	13	14	12	11	1	3	5	3
K00106	17	4934	56	55	27	32	12	6	37	7
K00459	16	1076	24	9	3	56	15	12	93	14
K00102	307	2753	71	30	26	50	20	21	114	11
K00855	15717	20778	6694	3148	1114	992	441	490	1206	472
K00856	286	1999	56	190	11	13	7	17	7	6
K00850	82	6754	43	26	8	71	11	12	69	14
K01507	35040	9693	4102	1128	384	995	327	448	894	576
K00858	21	1071	12	13	10	31	10	10	60	10
K00859	422	284	34	7	6	108	36	39	57	31
K01183	1572	6616	590	155	88	317	80	88	528	102
K01188	15	14	0	1	0	0	0	0	1	0
K15728	9	199	5	4	2	11	0	1	6	2
K01210	71	967	14	11	6	15	4	5	17	7
K08582	9	339	3	4	0	3	0	1	5	2
K15900	253	347	38	20	7	27	3	2	23	2
K02741	27	725	6	8	0	12	5	7	10	3
K00921	174	6342	112	70	23	71	42	19	140	31
K18041	171	652	30	14	8	23	7	5	26	5
K00927	15895	25600	10805	18215	6885	2150	824	885	1888	903
K00928	850	1974	151	33	18	101	22	40	120	22
K01437	166	1615	27	22	16	22	4	5	23	2
K08057	170	2896	52	95	18	147	42	37	109	67
K05539	772	1749	174	36	32	143	58	35	201	82
K02984	69646	11764	11171	771	1210	2391	1476	1823	2325	2282
K02985	19664	3934	3307	216	327	676	449	518	685	725
K14839	1596	273	597	6	30	168	104	107	171	120
K14838	4546	909	1628	21	105	388	317	315	440	469
K08292	18	534	4	2	2	0	0	0	2	0
K08293	7	619	2	5	3	1	1	1	4	0
K14299	256	1528	29	20	1	27	4	4	18	2
K14298	491	1251	44	21	19	57	10	15	57	11
K14297	2579	5767	448	110	58	182	48	80	167	117
K14832	5080	1486	2157	16	140	428	288	346	502	410
K14831	3595	438	1392	19	93	315	166	225	335	304
K02639	22119	20408	3968	1714	540	1212	183	219	814	199
K14837	3190	1023	1285	17	92	297	222	258	347	337
K02989	22860	4138	3468	231	350	769	485	529	783	775
K14835	6934	1699	2944	32	189	672	446	531	699	675
K14290	974	2811	258	62	28	147	57	62	149	74
K02291	3109	2380	212	83	35	60	34	28	126	28
K02293	5213	1818	506	253	177	146	48	33	144	34
K02295	72	82	11	6	10	8	1	1	14	0
K01725	26	249	33	6	12	198	63	32	204	83
K01724	86	960	22	7	21	36	2	13	119	14
K14824	11331	2756	5834	64	426	1184	812	1018	1398	1167
K09531	753	3008	191	38	33	77	39	39	79	48
K09537	69	297	13	0	1	1	3	0	9	2
K09539	785	189	130	3	7	55	27	43	52	56
K06867	2334	2633	782	57	73	309	76	151	250	123
K18192	210	292	26	1	0	9	5	2	15	5
K07964	4	17	0	1	0	0	0	0	0	0
K09142	1579	743	586	12	45	141	95	121	120	156
K02180	180	596	10	7	8	9	3	7	6	6
K02183	1119	5567	277	270	87	318	146	232	264	252
K02367	1	81	1	2	4	0	1	1	1	0
K13181	10416	1595	4908	49	311	797	547	747	936	898
K04799	1	49	0	1	0	0	0	0	0	0
K09458	348	833	38	114	11	12	0	3	9	2
K00273	2	204	0	2	0	3	0	1	2	1
K03341	60	408	8	5	1	0	0	1	0	2
K17081	2718	598	165	12	23	69	37	43	91	37
K13509	55	847	6	19	1	14	5	5	15	7
K17087	152	4848	46	109	31	98	35	20	135	36
K17086	569	18844	246	266	76	202	81	75	286	63
K03347	323	3400	35	49	10	47	6	9	65	8
K03349	14	419	4	7	1	5	1	2	7	1
K03348	4	335	2	7	0	5	0	0	7	1
K13507	20	1590	7	16	0	13	0	0	5	0
K08876	42	2794	20	22	3	46	8	8	62	7
K08874	147	5907	152	60	28	151	22	57	169	53
K13989	126	1698	28	24	9	49	3	6	36	2
K08498	1	328	0	6	2	8	0	3	1	1
K03168	101	677	5	4	0	14	5	7	13	7
K03163	859	2368	69	14	18	38	20	13	52	22
K03165	1703	3249	100	27	17	49	27	24	55	31
K03164	201	4422	67	41	34	21	2	9	4	3
K13210	1749	11876	732	127	268	1325	140	227	1381	233
K17268	58	2241	10	29	7	22	6	12	18	8
K17267	138	7034	58	108	21	73	14	17	111	18
K17263	77	3535	31	29	6	46	6	10	59	14
K17262	13	380	8	4	2	27	0	6	18	2
K12585	1789	843	446	9	25	60	40	42	75	62
K03014	1017	832	169	9	11	35	13	15	45	21
K03017	720	1125	164	15	21	34	6	15	51	36
K12586	1149	2287	429	119	75	113	78	61	337	95
K12581	284	1713	39	30	17	62	12	5	46	10
K12580	484	3693	55	41	20	66	7	8	81	9
K03013	707	690	209	12	16	25	24	19	37	38
K03012	113	654	21	17	1	19	6	3	22	6
K08906	19934	18035	1901	1257	362	294	172	164	468	149
K08907	6551	6238	145	379	10	15	8	6	39	12
K08902	2794	3286	773	541	215	202	51	43	182	43
K03018	2183	2158	504	12	35	87	23	30	104	31
K08901	41720	61091	3233	1916	249	327	291	324	672	364
K06628	6	243	0	10	0	7	0	1	2	0
K06620	258	554	76	18	4	2	0	3	6	2
K11108	1712	956	715	7	47	176	141	148	188	170
K16339	9	171	0	3	0	1	0	0	4	0
K06997	341	584	13	5	14	25	2	4	11	2
K06990	5	414	6	1	2	1	0	0	1	1
K10858	574	163	248	3	9	75	50	43	43	53
K07466	967	2385	46	76	5	15	4	5	14	2
K11858	37	1713	13	18	18	9	0	8	28	8
K10529	33	2857	11	4	4	128	10	10	152	15
K06443	1279	2257	119	56	22	112	90	84	202	101
K11583	16	1002	4	15	1	6	1	0	12	1
K11584	1188	6214	188	133	48	144	30	33	143	23
K11857	301	4093	95	45	28	86	30	29	126	35
K11855	1016	715	224	7	17	39	16	11	43	24
K17888	19	294	3	8	2	2	0	2	4	2
K00599	198	208	29	3	3	2	3	1	3	1
K07002	104	133	15	1	0	8	1	3	5	6
K10295	29	243	1	12	0	10	0	0	3	0
K08269	194	2388	22	30	7	117	7	10	75	15
K10276	393	1621	165	27	38	128	71	74	266	108
K08262	2860	1542	441	316	150	114	15	37	140	22
K08266	30	342	2	2	0	1	0	0	4	0
K04103	25	2096	23	18	8	8	1	4	19	2
K00289	138	1028	42	25	5	24	4	3	17	2
K00285	542	845	55	6	9	9	3	2	16	8
K00284	30739	2699	9169	207	829	2223	992	1441	2339	1705
K00286	1123	1150	156	10	21	63	20	16	64	19
K00281	1001	4514	401	120	69	211	52	53	374	89
K00111	402	15852	139	94	22	69	16	19	88	23
K00441	115	626	12	5	3	20	0	2	17	0
K04728	33	219	7	4	0	12	1	2	11	1
K00847	97	945	74	30	25	48	35	23	33	20
K00845	38	3365	22	15	4	15	1	4	25	3
K00849	104	1457	41	9	38	66	16	21	63	22
K01534	2785	6388	1163	317	88	542	174	183	919	290
K01535	606	12410	431	102	76	193	47	48	358	30
K01537	3487	7494	339	211	90	438	57	89	474	84
K14558	4568	994	1518	17	95	260	126	236	220	232
K08486	93	1024	8	29	3	65	0	6	46	15
K14652	2736	628	1014	62	80	448	275	328	638	408
K11292	1454	10663	297	159	107	214	65	54	279	57
K15732	902	2670	161	34	17	78	23	22	72	29
K15731	97	1243	25	18	5	9	4	0	6	1
K17868	134	284	3	3	1	3	1	1	5	0
K01880	4620	827	1066	92	72	304	138	201	271	233
K01881	9578	4969	1528	220	344	749	296	408	1079	540
K01883	2204	1289	480	45	57	197	83	71	225	118
K01885	7154	1987	789	198	113	247	68	115	221	114
K01886	1647	1135	489	27	45	195	109	124	200	187
K01887	4048	1410	642	72	63	263	83	118	227	149
K01889	3147	1932	540	259	95	184	36	38	192	35
K15223	297	533	26	0	7	6	2	1	10	5
K08592	4821	12965	2318	237	151	585	283	311	635	458
K08596	134	3609	136	119	16	55	41	81	157	41
K01404	16	975	7	9	1	19	2	3	18	1
K14997	29	125	7	3	1	1	0	1	5	2
K01408	88	1199	35	40	19	24	4	3	47	0
K01409	2108	808	345	9	25	36	12	27	23	33
K02959	282	422	25	6	6	11	2	2	5	1
K00939	7375	4824	1098	162	119	440	137	141	271	174
K07890	3	34	0	0	0	0	0	0	1	0
K00936	18	2848	39	2	3	10	15	7	17	26
K02958	63427	9789	8516	792	1047	2067	1062	1227	2089	1910
K00933	97	768	12	6	4	7	1	0	7	0
K00930	2428	1073	104	12	0	16	4	16	13	12
K05522	7	20	4	1	0	1	0	0	1	0
K14843	11326	2321	4464	50	332	815	447	574	940	774
K05527	129	232	9	3	1	11	0	0	9	2
K02993	46404	6055	5437	377	502	1104	639	681	963	961
K02991	26721	3873	3741	247	348	740	458	557	737	731
K15356	13	689	5	14	1	13	1	4	12	4
K03009	1286	635	219	9	29	48	30	25	27	39
K02996	1615	1621	193	33	14	58	27	17	62	22
K02995	38376	6722	6495	447	710	1362	819	1050	1452	1307
K02999	11361	1443	4099	29	301	634	262	409	654	594
K02998	18637	3253	2802	181	253	650	371	520	598	530
K06118	926	1229	107	231	34	53	9	13	48	28
K03574	303	400	39	8	3	9	2	1	7	1
K02575	3962	107968	16649	783	4257	11478	7798	7332	27267	9482
K01711	2772	95125	2914	1526	534	675	438	379	1833	487
K14775	6830	1317	2637	24	169	541	402	480	528	623
K13179	6281	1574	2847	43	252	606	407	482	718	568
K14777	3297	1421	1660	19	116	339	279	305	409	452
K14771	2696	680	1159	13	56	223	149	226	249	263
K09529	123	322	16	5	0	6	0	6	4	2
K09528	12	558	1	3	2	15	1	1	5	2
K09527	16524	24692	650	1056	39	143	50	80	190	71
K13171	201	922	23	15	6	16	6	4	32	3
K03979	184	398	20	6	2	9	4	0	12	3
K09523	112	1918	27	62	4	38	7	11	65	9
K13176	113	283	7	4	0	3	0	1	1	0
K18183	12	268	2	0	2	3	1	0	9	0
K02372	1826	376	32	49	13	5	1	1	3	1
K02377	1688	29148	979	413	157	340	202	169	761	241
K01027	4	119	1	0	0	1	0	0	2	0
K14805	7881	2612	3419	78	211	807	479	631	665	745
K13199	12144	1477	811	40	57	152	63	118	132	132
K03715	582	3819	31	61	17	38	14	15	90	5
K09420	137	2739	24	69	17	91	5	1	43	0
K04505	215	1628	36	26	19	40	0	1	10	0
K17679	1067	152	277	1	5	52	13	20	24	55
K12828	640	2098	127	50	24	45	18	18	61	23
K12829	574	1480	42	22	21	14	4	2	14	6
K12826	116	495	2	7	4	8	0	4	7	0
K12827	156	1174	20	19	11	19	4	6	24	2
K12825	286	895	32	4	3	3	1	1	12	1
K12823	10478	2211	3851	80	257	833	545	618	919	925
K12820	3521	881	1993	15	132	387	262	366	444	478
K12821	900	865	169	7	12	30	11	27	35	25
K13511	353	463	182	61	64	55	74	72	59	67
K03372	161	255	5	9	2	19	3	3	13	3
K03801	305	3579	41	52	13	25	4	10	15	6
K03626	8025	1482	1024	85	98	312	113	151	251	227
K08860	90	1551	21	26	3	29	7	5	38	7
K08864	5	129	0	1	0	0	0	0	2	0
K03152	201	1566	20	17	5	11	4	0	9	6
K03153	670	715	38	17	0	2	1	3	12	7
K08869	1091	3225	111	134	71	143	14	15	103	9
K13993	85	310	41	5	7	771	25	33	239	43
K16582	68	181	13	0	1	2	2	1	2	0
K01029	1	44	1	1	0	0	0	0	2	0
K06058	32	148	11	3	1	8	1	0	9	1
K09562	888	420	237	7	13	276	46	50	201	48
K13205	10	214	5	0	4	1	0	0	3	0
K13207	71	3560	42	63	23	21	3	4	28	10
K13206	28	281	7	4	2	9	0	3	8	2
K12199	224	1521	93	17	61	144	15	22	174	25
K01590	113	2055	131	90	43	159	47	42	173	41
K03020	1204	294	304	1	25	73	38	48	68	45
K03021	2364	1412	508	9	36	66	32	32	80	40
K03022	1100	448	463	9	5	107	57	66	60	66
K03023	734	526	106	8	10	39	4	7	12	5
K03025	489	341	96	3	5	46	10	13	20	16
K03027	2175	607	664	9	34	133	71	112	110	133
K03028	78	4520	33	50	18	58	15	22	65	16
K03029	80	3306	58	35	13	57	25	14	73	16
K08916	270	143	43	16	9	22	10	7	18	5
K08910	16015	19374	1207	1363	62	179	117	128	348	83
K11446	185	1286	147	34	19	93	84	97	224	133
K06874	0	146	0	2	0	1	0	0	1	1
K06875	12	399	18	8	2	8	1	3	21	5
K06877	6	252	3	4	2	4	1	0	3	1
K16329	71	362	5	3	0	1	0	0	3	2
K14559	4866	1868	2171	26	144	431	256	323	437	391
K00611	2350	100	53	36	16	10	1	8	9	4
K00616	338	4694	161	31	37	355	16	25	275	25
K00615	92874	65091	25447	10756	5472	3737	2126	2792	4555	2921
K11594	8129	5785	1738	161	221	495	223	250	593	327
K10865	26	848	8	15	3	8	1	1	11	1
K10866	12	1249	3	18	5	7	0	4	8	2
K11599	47	2157	40	19	11	48	18	13	65	21
K10395	110	1696	14	11	4	12	3	2	17	3
K07678	610	934	121	11	19	22	7	15	52	8
K11840	513	7297	209	86	54	141	50	55	191	55
K11843	121	2821	48	42	12	55	22	29	94	20
K07904	265	3140	29	61	20	60	35	22	86	29
K07497	8	86	1	3	2	2	2	0	1	0
K10885	17	370	7	1	0	10	0	0	6	1
K10258	14	25	20	10	2	71	5	9	40	3
K16186	151	869	20	5	3	19	2	3	10	6
K11204	1686	4404	332	50	67	192	35	35	198	54
K15030	4443	1137	1306	49	119	297	193	206	361	353
K15032	188	1179	16	6	3	5	0	2	4	0
K15033	85	134	14	2	2	49	1	4	24	8
K08735	34	675	3	15	2	8	0	0	0	0
K08734	2	148	0	4	0	3	0	0	0	0
K08737	23	569	8	21	1	5	2	0	4	1
K00058	13922	1468	2319	59	166	528	251	316	487	498
K00059	563	356	174	191	37	34	5	8	21	8
K00729	267	955	36	8	2	15	0	5	16	13
K00726	29	539	12	10	1	5	4	0	17	3
K08738	9466	2584	1209	113	143	508	228	226	451	375
K00052	7263	128	391	41	38	51	19	22	48	36
K00053	39166	2478	6191	255	533	1104	569	750	1348	1002
K07877	66	1344	32	23	18	50	4	8	72	8
K07874	235	10246	142	121	83	427	69	64	374	85
K10251	1011	1677	137	72	28	70	23	25	139	40
K07870	0	79	0	0	0	3	0	0	5	0
K14815	12285	4214	4812	71	267	1084	792	936	745	1242
K07015	70	979	20	23	0	14	3	2	13	0
K17981	28	68	3	0	1	7	2	4	5	3
K17985	9	162	0	3	0	0	1	0	2	0
K17989	35	535	5	2	1	6	2	1	10	0
K00134	53684	54899	34387	54062	23363	6508	2551	3212	6180	3145
K10249	591	939	71	53	15	27	6	7	27	14
K03015	143	363	8	4	2	5	2	1	5	4
K12584	46	112	11	7	2	0	1	0	0	0
K15100	67	1314	17	27	7	15	3	1	23	6
K15102	9656	7120	1909	210	260	614	413	460	608	544
K15104	3642	165	1449	90	133	338	256	286	359	340
K15105	3	112	2	0	0	4	0	0	3	0
K15106	3	291	3	1	0	3	1	0	4	3
K00128	18	1275	5	5	3	7	0	4	14	0
K03016	1123	393	232	7	20	57	38	30	77	40
K10884	29	797	6	10	21	15	2	2	16	2
K10643	737	2588	133	35	34	97	28	31	94	33
K00432	575	5373	88	58	23	90	20	19	128	31
K00121	926	732	55	11	7	15	4	5	14	2
K00434	8901	5177	1252	825	262	587	134	124	599	136
K03010	1548	6405	208	133	65	230	30	42	240	53
K15692	392	2211	69	39	32	37	5	4	65	6
K14802	185	2108	38	37	10	35	9	17	36	22
K01953	2275	1274	884	89	109	728	253	297	875	391
K13093	586	1788	166	34	22	62	46	32	60	42
K15216	1658	1169	1148	47	98	252	179	212	277	331
K15745	97	256	10	4	7	5	0	3	5	0
K03019	265	437	7	7	1	11	0	0	12	0
K14347	407	210	134	14	5	29	16	15	33	31
K14617	152	1789	24	39	15	57	9	6	55	8
K08903	326	146	45	86	7	26	3	1	16	3
K00547	6	173	0	0	0	3	1	1	3	0
K15305	9	812	3	12	3	11	4	4	11	5
K00543	36	320	5	13	5	3	0	0	4	0
K01899	38	618	33	9	5	150	37	44	110	99
K01897	818	12504	152	242	26	134	39	30	147	43
K01895	9609	2992	1466	120	161	344	191	238	341	344
K01230	69	1808	12	32	9	17	7	6	34	4
K01893	2340	3846	663	201	164	412	145	166	402	180
K01892	9365	2655	3023	145	204	807	376	519	734	641
K00548	3297	35985	2367	1249	561	749	244	277	1052	254
K01890	2307	648	155	44	32	45	11	15	59	21
K01412	619	687	195	6	5	51	25	50	52	47
K01411	186	1575	33	13	5	28	4	6	24	4
K01410	1004	174	146	4	4	33	9	18	30	15
K01142	51	398	6	5	2	9	2	1	11	0
K01419	78	778	20	28	8	26	4	1	21	1
K00948	12341	2111	2108	33	106	365	137	252	362	284
K00942	606	9296	56	53	16	53	26	17	108	13
K00943	3	130	0	5	0	1	0	0	1	0
K00940	36907	967	1437	169	82	217	49	76	84	137
K00944	2789	1357	96	30	7	24	3	7	38	7
K01092	189	675	10	12	3	6	2	0	12	4
K01090	1061	2614	238	43	31	132	62	56	137	73
K01099	170	3261	40	46	20	57	15	14	45	8
K01527	13614	1973	1444	85	142	303	196	219	301	368
K15362	23	715	8	13	2	19	4	0	8	0
K12861	176	348	19	4	2	9	1	1	22	5
K01522	67	151	3	4	0	6	0	2	10	1
K05610	4	327	9	12	1	29	4	1	28	5
K01520	48	585	0	20	6	0	0	2	2	2
K02966	15720	2759	2386	142	204	604	260	353	540	410
K02964	22262	2991	6193	1379	2375	1509	1591	1722	2290	1916
K02962	34466	6597	4433	211	429	1024	526	613	1113	881
K02960	29960	4643	4467	280	442	894	595	676	1083	838
K01626	16150	1412	2607	35	82	303	157	253	309	313
K03564	124	368	349	107	86	251	41	27	170	21
K12900	80	360	7	2	1	4	2	0	8	0
K01703	16839	3351	3302	38	139	425	174	397	399	464
K01702	16321	3262	3273	39	142	415	174	385	391	458
K03963	595	1028	46	21	11	36	12	5	26	3
K16810	35	976	6	24	5	10	6	3	14	4
K14767	8782	1285	2978	19	177	561	326	469	555	624
K14766	5537	1020	2753	29	185	514	310	389	582	582
K14765	1813	320	747	8	38	183	124	151	135	179
K14764	308	86	159	0	1	6	12	10	4	19
K03969	336	1134	62	43	11	140	21	23	99	21
K09553	269	730	188	18	23	308	74	89	326	121
K14769	5006	606	1716	23	76	346	194	282	252	500
K14768	2806	394	1124	4	72	286	126	197	253	243
K09554	19	1175	8	16	0	28	5	6	26	7
K13348	12696	14521	1964	436	130	776	494	510	882	751
K08142	1100	13149	129	114	27	64	5	18	130	24
K13342	4059859	4881839	2837348	1141377	2612192	1213886	1242647	1711192	1007756	1720981
K13346	73	462	5	4	0	6	4	3	9	0
K13347	579	1483	130	127	26	51	14	13	33	19
K03704	35663	6646	1297	46	85	391	279	353	420	445
K02144	240	5323	26	88	17	54	19	12	55	7
K02145	534	6956	422	447	345	304	319	456	328	307
K02146	15165	8005	1373	189	82	312	189	219	316	285
K02147	440	6045	138	240	129	149	128	125	162	132
K02148	445	7939	62	206	23	132	24	27	72	54
K02149	210	2892	18	53	10	38	10	11	30	5
K03495	2676	1098	942	16	84	263	109	163	252	201
K13525	13924	14965	1059	391	180	467	158	151	482	180
K13412	3743	7556	2352	168	216	877	473	610	1327	683
K12835	164	714	10	4	4	9	0	0	3	4
K12834	148	2422	92	28	144	67	43	76	73	70
K12837	258	1200	31	11	7	19	2	2	20	2
K12836	50	487	6	7	0	5	1	0	11	0
K12831	130	549	11	13	2	7	3	1	8	5
K12830	420	2952	93	41	16	29	8	26	52	14
K12833	229	518	24	6	1	14	0	4	21	4
K12832	180	846	34	14	4	10	5	1	5	0
K02540	31	409	3	21	0	2	2	2	3	0
K02541	103	1992	17	33	13	19	1	5	5	0
K02542	16	361	5	16	1	4	0	0	6	0
K03363	17	262	11	0	3	1	0	1	0	0
K02548	34	13	5	1	0	4	0	0	2	0
K03810	6770	11766	268	269	35	56	30	25	93	43
K03364	339	2265	82	45	35	60	4	16	93	7
K03143	26	296	1	5	5	4	0	2	4	1
K03142	551	647	52	12	5	35	1	5	17	6
K03637	271	88	37	3	8	11	3	7	8	9
K17686	1896	2408	793	158	164	143	103	65	308	70
K03147	314	167	9	30	3	3	1	1	3	2
K17680	4	30	0	0	0	0	0	0	0	0
K03145	275	878	33	8	8	8	6	7	32	6
K03144	198	1347	20	25	16	64	4	9	43	8
K08856	52	343	10	6	4	4	3	0	5	3
K03639	161	594	185	13	36	232	148	90	423	181
K08851	467	162	42	1	4	9	0	3	9	3
K08852	1530	472	1101	9	67	263	137	193	234	228
K06287	109	263	3	4	1	3	0	0	9	3
K03530	4879	196	344	2	8	17	10	9	8	21
K12347	10	186	5	5	0	3	0	1	2	1
K12345	2	168	0	3	0	0	0	0	1	0
K03438	468	154	38	2	0	9	0	3	3	6
K12343	54	218	13	9	6	4	0	2	38	4
K13237	272	685	21	12	7	20	7	1	20	3
K13238	100	661	10	4	2	8	0	0	4	0
K00510	282	1754	55	18	7	43	11	6	29	16
K03627	554	1033	82	22	24	164	24	24	123	23
K03039	30	1757	11	22	6	28	7	6	31	7
K03038	41	1872	20	16	9	22	8	10	23	11
K03037	46	2653	28	32	25	44	14	15	56	12
K03036	52	2879	33	31	12	72	18	13	51	13
K03035	22	2127	16	26	2	23	9	6	21	9
K03033	460	2988	24	37	13	40	13	11	29	6
K03032	75	5296	43	61	31	67	27	23	80	18
K03031	36	3263	16	37	8	64	24	16	74	13
K03030	643	2255	98	40	21	54	11	30	53	28
K03921	1706	6977	275	239	92	226	52	67	314	50
K16487	23	10	4	0	1	0	0	0	3	0
K12304	71	4311	60	57	8	37	17	19	66	23
K12121	40	2666	20	6	8	5	20	9	35	11
K05293	5	403	3	3	4	11	2	0	12	0
K17339	23	2367	13	36	4	25	6	3	34	1
K16318	1120	357	212	12	13	74	25	40	76	49
K06860	299	146	14	18	28	13	2	0	10	0
K00600	11553	8745	1787	264	206	296	137	178	313	239
K08637	12	759	4	7	4	7	0	0	2	0
K00605	97	1566	11	41	9	27	3	0	16	1
K00604	747	183	1	18	8	0	0	0	2	0
K00606	839	1789	75	22	12	39	13	16	34	16
K12657	8967	2206	2444	48	163	628	294	367	587	447
K10878	15	465	13	3	4	30	31	38	60	46
K10873	0	33	2	0	0	0	0	0	0	0
K10870	0	196	2	2	0	3	0	0	2	1
K10875	39	162	21	1	3	10	4	0	8	0
K09651	4	455	3	4	2	3	0	1	7	0
K07393	721	3828	187	35	64	278	30	55	199	80
K07390	1288	3181	120	55	27	86	31	26	136	20
K06269	7088	18472	1567	323	260	558	295	351	704	404
K06268	110	116	2	4	1	0	2	1	4	1
K15029	5435	2464	1550	84	130	375	209	250	388	296
K11279	1644	292	633	3	26	165	66	102	134	190
K11273	8	153	1	7	2	1	0	2	5	0
K11270	12	127	1	1	0	0	0	0	1	0
K15027	215	1050	65	22	13	26	18	13	33	34
K15026	3579	618	451	14	36	171	34	66	135	94
K15025	332	189	43	0	1	3	9	4	7	9
K11275	183	3414	54	32	12	17	1	8	24	1
K07025	105	314	7	7	1	35	2	1	7	0
K00049	4	2599	12	118	1	34	0	1	28	1
K07023	67	800	19	14	4	6	1	0	10	2
K00731	99	772	36	11	6	14	2	7	26	4
K15115	145	58	37	0	1	14	1	4	5	10
K15113	663	409	331	4	15	105	45	67	92	53
K11303	4	52	4	2	0	0	4	2	1	3
K15111	298	244	10	2	0	10	0	1	9	6
K02987	46664	9118	7144	449	798	1538	825	1006	1606	1272
K10257	97	22	53	33	11	10	5	8	36	5
K10256	322	2216	582	307	178	566	59	52	409	30
K10252	14	90	1	2	3	5	1	0	8	0
K11308	343	5435	83	53	22	71	3	12	117	8
K08336	1	74	0	1	0	1	0	0	2	3
K14293	1432	4155	273	37	24	111	44	82	140	57
K01958	25049	815	3818	41	256	1600	454	482	1763	791
K01952	21250	973	6192	34	325	1005	446	629	908	932
K10523	20	144	3	3	0	0	0	0	0	0
K01950	4321	2980	1273	18	70	194	119	164	166	195
K01951	10366	1151	2519	22	156	313	172	235	296	304
K00428	49	1609	31	5	4	14	3	5	9	5
K07735	141	1362	14	10	2	16	0	5	14	7
K07739	1205	961	412	13	26	71	48	54	72	87
K00423	3010	2000	367	121	41	70	24	26	98	21
K16465	7	558	1	4	0	9	1	1	8	0
K01392	186	1217	16	7	8	11	2	3	18	0
K15687	57	518	4	3	4	4	0	0	3	0
K15175	365	913	24	16	3	14	3	4	19	2
K16344	66	865	3	10	1	15	0	0	19	0
K02981	39233	6185	5768	405	756	1370	887	1050	1199	1330
K07910	73	1983	10	38	9	52	8	2	50	5
K04382	870	4375	215	100	54	118	40	55	143	54
K14376	469	2817	59	34	23	69	8	11	81	29
K00555	2285	430	948	11	35	250	150	214	343	251
K00559	495	7869	312	99	52	133	47	50	254	23
K00558	47	418	7	4	3	7	1	3	13	0
K15979	53	496	6	48	2	17	4	5	19	5
K01173	11	62	2	1	0	5	0	0	1	0
K01175	0	107	0	2	0	0	0	0	1	0
K09313	211	2257	68	21	17	27	5	14	59	5
K14972	17	703	17	8	7	15	0	6	8	0
K14970	4	87	0	1	0	0	0	0	0	0
K00958	9331	1040	643	806	66	101	55	78	124	70
K00951	15	570	3	5	0	9	1	0	12	1
K00953	645	879	38	15	4	18	3	4	21	1
K13754	1639	6255	1789	669	1407	728	790	849	665	819
K14572	33138	6102	4409	8	317	632	143	194	616	405
K14573	5569	1139	3024	43	219	622	464	538	770	743
K14570	7348	1896	3619	32	222	621	479	625	664	732
K14571	2672	335	1751	11	72	299	192	316	304	368
K03754	432	409	40	5	4	23	6	8	16	3
K04706	91	1320	6	14	5	10	5	11	16	1
K01551	965	3728	227	82	66	173	35	42	143	45
K02979	27071	4177	3177	169	355	631	467	431	755	824
K05658	2464	26544	1153	266	227	2344	414	454	2563	521
K01555	144	1133	34	9	1	15	0	6	34	11
K02975	24339	4621	8710	2120	3603	2718	2022	2358	4090	2685
K02974	39699	6145	5786	345	587	1187	874	1101	1280	1300
K02977	23787	4179	3453	312	555	876	565	624	940	712
K02976	16435	2427	2167	227	267	508	364	442	542	493
K02971	9422	1184	1004	64	107	222	155	169	238	247
K02973	28397	4775	3649	220	438	745	491	638	881	838
K02604	81	648	4	10	0	9	1	1	19	0
K03553	105	1054	12	5	5	11	3	5	24	4
K01778	2921	177	495	18	40	176	51	59	111	119
K01772	70	369	10	23	7	16	2	1	14	0
K01770	787	238	14	23	8	8	10	0	12	6
K09549	202	730	32	6	6	21	9	8	23	9
K13354	280	452	70	16	3	18	3	8	13	11
K14574	3462	886	1654	16	119	885	246	404	553	519
K14798	2965	1702	1624	30	100	370	281	324	391	433
K14799	7714	2039	3726	46	286	840	519	679	863	849
K14797	4137	1669	2013	32	163	352	358	376	446	455
K14794	14392	2678	8377	85	538	1648	1020	1357	2003	1862
K03950	1002	1452	72	45	14	33	6	9	27	14
K14793	2049	238	821	4	36	165	112	151	117	170
K05389	172	1197	81	34	6	21	8	14	38	4
K14791	9107	2012	4681	29	266	942	553	620	1090	1104
K14408	178	347	30	7	5	9	7	5	10	1
K08151	5	667	5	12	0	11	1	1	13	0
K14404	314	1010	25	11	17	50	8	4	22	8
K14402	214	1953	16	19	10	24	7	5	26	8
K14403	236	1191	16	15	13	13	3	2	23	2
K14400	263	1548	31	22	10	26	2	8	10	6
K14401	222	3037	59	37	19	29	22	19	74	10
K03066	50	2668	35	21	15	69	17	29	66	11
K16833	36	297	3	4	2	4	0	0	5	0
K01601	11388	379	1388	1559	1146	604	166	149	527	151
K02155	986	10874	175	359	70	563	78	86	443	76
K02154	468	8379	84	210	63	78	25	28	126	21
K02152	108	1586	31	45	8	22	8	13	31	14
K02151	75	1386	11	36	4	21	11	3	12	14
K02150	196	2965	25	111	11	25	15	10	34	22
K13535	472	2235	96	11	17	296	24	36	244	31
K13539	333	1307	178	34	86	89	29	38	256	37
K03063	64	3837	54	58	52	113	65	56	152	71
K02553	144	200	7	0	0	1	0	1	4	0
K02551	157	208	66	14	25	31	6	8	40	8
K02978	10669	2479	1802	105	188	413	280	269	425	423
K12244	16	33	0	0	1	1	0	2	1	1
K02603	10	88	1	1	0	1	2	2	2	1
K08819	4361	8926	1180	157	138	535	155	174	479	243
K04708	14	258	0	7	3	3	0	0	5	0
K06072	706	321	294	6	16	72	63	34	41	73
K16634	17	255	7	0	1	6	2	1	6	0
K15371	52	7729	51	39	28	56	10	14	75	6
K05652	549	2622	483	53	212	690	102	123	814	134
K13220	66	416	7	5	5	6	2	4	15	7
K12795	23	805	7	16	2	20	1	8	9	4
K06672	102	3393	26	19	17	48	2	3	52	1
K06670	100	1692	22	14	10	16	3	1	3	0
K06671	35	3122	18	40	7	33	9	16	59	3
K06676	65	1752	33	5	12	16	0	1	2	2
K06677	102	2366	40	18	19	17	1	2	6	0
K06674	191	2406	40	37	16	8	0	6	7	1
K06675	144	2502	27	30	16	12	2	1	3	0
K06678	71	1516	19	22	5	11	2	2	7	3
K17301	190	5247	29	102	19	65	12	17	60	17
K17302	116	6031	42	74	13	58	13	6	52	6
K12489	122	2213	26	56	14	51	7	11	50	11
K12486	98	2170	24	58	22	17	2	6	34	10
K12483	61	2805	19	46	14	55	6	9	67	2
K12662	99	648	11	7	4	13	0	1	15	1
K12663	25	59	2	1	0	0	1	0	1	0
K11462	6	206	0	1	0	1	0	2	2	0
K00630	74	3109	274	220	50	100	19	26	128	16
K14286	310	322	13	4	0	9	1	0	9	0
K11863	25	601	4	9	1	12	2	3	9	9
K11865	59	2553	26	32	0	30	6	0	39	4
K06252	16	155	1	5	0	0	0	3	1	0
K07004	3310	1640	821	47	71	150	92	51	307	65
K06709	990	1731	296	25	56	241	61	98	217	91
K01482	198	315	201	85	175	84	81	109	82	87
K11269	13	273	4	5	0	0	0	1	1	0
K11262	8835	16856	1529	1410	294	465	179	211	802	185
K11267	21	945	2	12	2	7	3	1	2	0
K07030	773	1381	238	63	44	27	17	9	29	17
K08716	725	6059	466	41	60	180	201	213	284	233
K10798	12	209	3	6	0	5	1	1	2	0
K08850	48	698	6	6	9	1	2	1	2	2
K10405	36	975	17	16	11	1	2	0	3	0
K00099	1289	972	142	112	27	26	10	9	40	15
K11314	153	1384	30	20	11	15	10	2	41	5
K17491	774	1520	333	18	27	85	59	45	184	91
K00140	26	2004	16	8	12	25	2	2	21	0
K00417	1540	3354	172	89	46	125	40	28	118	29
K00411	1384	3398	223	69	28	120	40	50	124	58
K00145	894	878	15	11	2	11	1	2	9	4
K13350	170	780	14	7	9	13	2	2	14	0
K01940	15896	2005	2055	40	122	370	134	276	327	336
K00384	1155	5927	110	122	43	267	45	43	279	50
K00387	23	659	16	10	6	13	3	2	15	5
K00382	1940	5504	274	271	91	383	159	136	407	196
K00383	10033	19929	4678	359	806	1067	720	781	2456	743
K17497	204	4387	64	59	4	23	15	17	53	17
K00898	1167	1501	31	9	13	14	2	4	20	5
K14792	30175	12768	15492	240	1190	3051	1886	2750	3615	3166
K00894	19	728	0	3	2	4	3	2	4	1
K00895	8288	138	255	8	11	52	18	57	25	73
K13051	0	7	0	0	1	0	0	0	0	0
K03953	1649	3438	127	71	16	87	11	15	77	19
K05868	156	2799	37	21	25	13	4	3	5	6
K05863	41288	16390	4909	694	771	1547	902	1025	1405	1462
K00565	179	580	26	5	6	17	1	1	11	1
K00566	3587	1147	467	23	21	101	10	24	49	43
K00967	140	700	18	11	7	16	2	5	12	4
K00962	1038	169	179	81	66	49	6	5	45	8
K14965	7	443	1	9	0	1	1	1	3	1
K14964	12	394	2	7	1	31	2	1	16	0
K01164	415	340	69	4	2	9	2	2	8	4
K14963	67	417	0	4	1	3	0	0	4	0
K14962	126	734	16	14	5	12	3	3	22	1
K14561	1815	235	589	7	28	133	85	85	120	120
K14560	5153	1700	1398	21	46	260	215	221	230	283
K14563	13875	884	2626	22	189	467	231	297	469	484
K14565	10148	948	2402	16	142	385	221	265	359	460
K17943	442	5702	50	72	22	102	12	8	136	21
K14566	1725	425	599	6	45	129	82	92	96	175
K14569	6849	1727	2954	31	236	656	385	503	725	586
K14568	2335	518	911	10	46	200	138	141	180	189
K08093	157	291	3	0	1	4	2	0	6	2
K04712	190	5879	89	65	51	149	25	30	189	14
K02940	19146	3026	2354	118	213	482	369	369	388	472
K02941	30632	6834	3598	214	255	913	503	606	877	808
K05662	710	374	163	3	5	47	11	21	27	15
K04718	11	499	1	3	0	1	0	0	1	0
K05665	130	10093	165	118	40	147	31	30	265	24
K02947	20035	4163	2839	181	216	657	494	511	652	726
K02016	37	69	3	3	0	3	0	2	5	2
K01769	226	1589	46	17	12	32	14	14	73	15
K01768	354	3380	106	81	45	26	16	14	67	11
K09571	192	550	34	6	2	43	10	12	34	13
K09578	173	1428	131	26	17	75	45	46	88	42
K01764	225	387	21	6	13	33	3	4	17	9
K02492	2181	6622	354	142	73	432	157	202	636	236
K03949	1215	1466	110	27	13	38	3	7	30	17
K14788	3261	622	1779	22	113	401	292	386	429	408
K02495	14	111	9	1	0	0	0	1	2	1
K03943	934	2072	94	50	26	69	8	16	38	9
K03942	1800	7520	517	263	385	412	123	145	543	129
K03941	1236	2430	159	63	31	93	15	25	97	26
K14786	3060	971	1849	33	108	397	255	343	492	422
K14780	6834	682	3563	15	196	784	501	607	961	881
K02703	19094	1188	4738	4206	7847	6842	1888	945	8346	1151
K15414	213	79	8	2	1	28	8	2	13	4
K08360	517	3861	188	31	55	67	9	10	29	6
K02705	2297	254	476	558	990	715	205	118	952	195
K14415	277	856	41	8	4	28	10	7	24	8
K14416	315	1035	20	10	7	12	0	2	29	3
K14411	1520	6022	384	110	71	301	45	78	255	71
K02258	110	182	30	10	4	12	1	0	8	0
K10949	80	2072	10	24	2	19	7	3	22	4
K12817	24	602	5	5	0	6	0	0	8	0
K12816	268	1909	43	25	21	21	7	9	33	14
K12815	303	835	72	12	9	11	4	9	23	8
K12813	136	728	14	5	5	16	0	1	19	3
K12812	1296	5562	214	158	68	166	67	53	210	100
K12811	644	1379	225	25	37	102	22	35	74	50
K12819	406	1219	60	11	4	19	8	7	33	10
K12818	612	4261	90	51	28	78	28	25	127	27
K06889	89	661	30	3	6	73	5	11	46	5
K03544	39	3846	20	38	17	57	2	2	52	4
K02835	677	320	36	13	7	6	0	1	7	1
K05288	0	25	0	0	0	0	0	0	2	0
K05289	153	401	37	6	3	15	5	3	11	15
K02838	720	569	12	32	5	6	0	0	5	2
K13789	5563	1030	268	134	42	67	11	13	49	17
K05284	41	192	9	9	0	6	2	2	3	2
K05283	192	499	69	23	35	42	5	13	90	5
K06067	454	2107	58	45	26	61	12	9	59	10
K06066	80	589	12	8	0	6	3	1	12	1
K06063	336	1588	116	39	38	88	18	21	108	20
K02233	23	221	2	5	0	13	1	0	7	0
K02230	56	79	3	1	0	0	2	2	0	0
K02231	78	33	7	3	0	11	1	2	5	4
K00435	670	132	72	47	41	32	5	2	24	0
K14779	1553	527	669	8	32	147	84	118	121	110
K13253	2090	4451	903	226	140	190	147	183	460	185
K01609	913	964	65	48	18	26	1	6	20	5
K17550	208	824	275	119	217	149	146	151	153	127
K17553	104	295	37	3	1	7	4	6	7	6
K13811	1089	11510	632	245	116	198	74	97	378	106
K06662	5	159	0	1	2	2	1	0	2	0
K08867	352	2677	141	42	33	70	52	43	48	38
K16794	131	597	9	7	4	13	2	2	6	3
K12493	129	989	29	16	14	31	7	4	51	4
K12492	137	2528	75	52	43	58	24	17	107	23
K11412	211	2015	27	35	19	35	6	10	55	10
K11416	12	199	0	5	0	10	1	1	5	0
K11788	11899	1570	3641	30	264	488	280	419	547	601
K11786	1313	5317	411	82	78	126	93	88	140	66
K00626	14	127	0	0	1	4	0	0	2	0
K12479	14	953	19	9	6	37	5	13	36	16
K00624	242	678	69	19	6	14	6	11	27	3
K14191	4563	2803	2306	28	127	570	476	488	607	694
K16570	26	1263	8	10	0	7	1	0	11	3
K16575	122	1978	17	18	23	22	16	10	45	8
K09969	118	1692	94	15	30	44	18	17	67	33
K16578	4	73	0	0	0	0	1	0	2	0
K09966	32	461	1	6	4	3	0	1	27	0
K11254	202	2665	141	38	55	84	23	22	85	35
K11251	1187	12655	204	212	123	102	34	34	95	25
K11252	345	1819	40	37	22	26	6	8	25	8
K11253	6641	40714	2421	598	554	1303	481	463	1499	480
K11096	344	968	37	23	8	41	2	0	42	8
K11097	566	1129	45	28	11	33	11	11	16	6
K11094	177	667	12	9	3	7	2	2	16	5
K11092	402	859	59	11	12	23	10	11	23	19
K11090	6371	516	1715	12	92	396	210	278	416	431
K00710	148	4561	71	22	23	47	9	16	60	9
K11098	248	600	22	12	4	13	2	4	4	2
K11099	569	1244	85	13	12	28	1	6	31	15
K13783	8439	1149	549	28	26	131	160	159	93	234
K14358	69	317	12	0	0	11	3	2	9	3
K06177	86	105	17	3	2	10	0	2	40	4
K00760	551	1001	53	20	16	28	8	2	33	8
K10413	143	4930	80	94	19	99	24	51	155	49
K00488	143	2902	31	21	18	44	7	15	63	11
K10415	46	1107	7	12	6	19	1	2	19	6
K02905	17656	1966	1813	124	202	379	253	246	460	516
K10419	3	165	1	2	0	2	2	1	5	0
K10418	33	1017	8	20	6	12	3	1	17	5
K02906	1329	1425	161	20	16	82	20	27	63	32
K02730	24	2064	12	26	12	23	12	18	39	15
K17906	171	4088	175	43	6	30	17	6	43	10
K02901	15006	3028	2616	147	287	606	434	455	471	595
K15171	187	581	28	6	3	20	5	4	23	5
K11322	129	783	118	37	46	44	58	40	48	48
K11323	712	379	332	18	27	112	43	41	91	75
K11324	54	503	4	2	2	9	1	0	9	0
K15177	640	9015	73	81	21	68	28	14	101	23
K15176	508	2603	74	33	22	42	13	6	50	15
K15178	322	2712	35	30	9	36	4	11	58	6
K05917	63	1063	62	176	26	51	7	11	87	14
K02737	56	3209	40	41	19	80	26	30	75	42
K00231	4250	351	36	93	2	11	2	4	11	2
K11126	19	438	4	2	0	7	2	0	6	0
K01972	289	362	28	1	6	4	1	9	11	9
K00486	214	635	79	41	11	42	6	13	39	4
K00392	8276	4869	1379	55	142	351	224	316	417	413
K00390	2769	122	204	8	6	24	7	25	5	20
K07753	28	94	0	2	0	0	1	0	0	0
K07750	35	269	6	3	5	4	1	2	2	1
K10837	4	15	5	2	0	4	3	1	2	2
K01379	1918	25173	896	237	169	545	206	213	674	224
K14312	1958	3386	357	50	21	74	22	25	83	27
K14319	1759	3181	566	53	72	170	54	88	188	131
K09140	1033	847	302	2	6	39	8	19	39	12
K08675	2248	1833	120	71	45	278	43	62	306	49
K06171	105	1514	38	18	26	39	17	7	80	3
K04615	548	3626	242	75	49	153	60	72	308	57
K02321	62	324	57	30	15	32	18	30	9	9
K17822	36	1452	19	20	4	17	3	9	27	8
K00313	154	187	2	0	0	3	0	0	2	0
K01662	4201	1660	141	211	25	20	7	6	30	3
K02325	0	42	0	1	0	0	0	0	1	0
K00972	381	2628	303	55	15	114	32	38	230	77
K01119	42	526	5	5	5	10	4	7	16	2
K09657	6	156	32	0	4	37	12	9	33	9
K14950	2421	9497	221	220	48	277	98	73	486	139
K01113	111	556	5	5	1	11	2	0	11	1
K06176	2375	692	499	2	22	47	21	49	49	40
K01115	2949	4212	683	149	249	186	95	76	400	89
K02328	24	598	9	14	3	7	3	1	9	1
K01288	10	628	6	17	2	12	3	1	15	3
K01280	47	567	17	40	5	12	1	0	22	2
K02957	44413	6219	6680	532	653	1379	970	1072	1432	1542
K02956	14223	2926	1985	191	161	281	150	202	179	234
K02955	31748	6722	4339	305	432	1027	600	675	1054	874
K02953	15568	3008	2477	156	227	564	342	436	594	465
K02692	73	7	12	2	3	0	0	2	3	0
K02951	17883	3043	3115	184	211	764	525	555	571	615
K14554	5412	902	2403	17	140	454	250	345	454	510
K14555	5001	636	2083	15	123	382	241	351	380	392
K14556	8702	2326	3831	55	201	649	394	516	805	753
K14557	2668	723	1100	17	67	181	138	167	200	227
K14550	15981	1895	4661	13	265	771	149	326	592	763
K14552	2622	563	817	13	63	175	70	105	122	145
K14553	2650	748	1138	15	59	230	162	203	218	282
K00884	360	69	136	2	8	37	30	27	54	78
K01578	17	263	3	2	0	3	0	0	6	0
K00889	491	4748	190	90	186	202	66	94	139	109
K00888	796	8012	166	159	40	177	63	62	225	57
K01754	335	2520	55	17	10	35	17	10	50	9
K09493	93	688	20	21	6	36	2	9	26	13
K01756	13040	1407	3675	44	254	712	313	411	783	636
K14856	6632	2199	4037	45	261	859	509	735	944	844
K01759	15442	9539	2140	412	274	450	194	188	526	175
K04508	2388	3606	735	61	90	158	70	70	169	127
K01012	1826	1254	50	19	12	14	1	2	17	2
K01597	11	64	1	9	1	2	1	1	6	0
K09560	70	2701	13	29	3	39	7	18	44	16
K09567	12	280	2	4	0	0	1	0	1	0
K09565	2935	625	187	24	19	51	18	27	44	16
K09569	65	241	6	3	0	5	0	4	7	4
K09568	36	585	8	4	2	5	2	4	11	7
K01598	15	349	0	7	2	14	0	0	12	0
K01599	4980	862	109	129	11	5	2	6	19	8
K02480	3860	3929	1082	141	101	205	77	87	282	99
K13337	350	1940	36	19	7	14	2	2	35	9
K13336	112	898	11	9	8	14	1	4	20	1
K13339	7	166	5	2	0	1	0	2	0	0
K13338	125	640	7	10	3	7	2	1	3	2
K14696	14	269	1	5	4	2	0	0	4	0
K02714	9449	11667	458	587	42	40	30	35	88	25
K02717	524	500	33	97	19	20	5	2	7	0
K02716	35797	45072	5743	4272	2006	1049	899	924	1533	967
K02719	16773	27638	1356	855	113	240	98	115	295	145
K05857	9033	6266	1145	233	214	290	71	71	286	103
K00938	12	543	1	11	0	6	0	1	6	0
K10206	18852	368	2006	238	261	312	124	167	217	216
K12862	301	1107	31	13	8	23	4	6	29	3
K12863	255	659	36	4	6	17	3	6	27	11
K12860	364	1308	71	28	12	42	11	16	46	15
K16818	123	2494	84	44	35	17	10	11	36	10
K01624	13943	33233	2471	1698	287	652	214	283	895	234
K12867	494	1502	92	16	8	49	10	10	34	15
K01755	10530	421	2128	21	54	352	114	197	209	245
K02133	23220	11742	3002	763	508	937	451	617	978	721
K12869	1117	1559	384	20	33	99	24	73	78	80
K02134	6651	5504	726	205	77	281	105	96	208	157
K02137	4525	4777	476	147	34	197	46	70	166	140
K02136	5201	5406	735	206	92	276	113	107	224	184
K03842	216	398	4	9	0	1	1	2	2	3
K03843	84	386	6	5	2	10	1	3	14	0
K03841	2990	11166	435	515	144	244	22	27	263	29
K03846	3182	704	930	12	54	207	113	106	144	217
K03847	14	263	2	3	0	3	0	0	4	1
K03844	109	242	6	4	0	3	0	0	4	0
K03845	678	568	84	12	5	21	10	10	26	9
K03848	2	114	0	1	0	0	0	0	1	0
K03849	49	185	0	2	0	5	0	0	2	0
K10144	2801	3875	1117	103	114	267	107	81	944	124
K03531	1408	2715	65	294	38	22	6	2	37	22
K13025	1341	979	596	14	35	145	97	111	147	145
K13024	158	2192	96	31	14	61	23	14	63	25
K03539	307	51	78	0	1	12	5	11	2	13
K05291	84	540	12	10	6	8	2	2	10	0
K05290	61	462	8	5	5	6	2	3	5	2
K13023	39	787	14	7	3	6	0	0	2	0
K05292	74	1056	10	6	3	13	2	2	19	2
K06970	10	79	0	0	0	0	0	0	0	0
K03660	21	542	3	6	4	5	3	5	11	1
K03661	146	1912	16	63	5	37	12	7	37	7
K03667	119	1175	29	9	10	43	11	8	41	22
K03664	42	85	0	2	0	0	0	0	2	0
K03665	396	1003	31	17	16	54	1	1	74	7
K06013	281	756	82	28	28	59	9	11	45	9
K02221	976	1066	48	86	31	46	7	6	25	3
K12893	704	2670	122	59	37	95	34	24	107	48
K17785	223	3124	64	65	41	34	19	34	42	19
K17780	634	90	49	5	2	19	5	4	5	3
K17781	677	212	61	6	5	28	9	10	26	16
K17783	19	74	4	0	1	4	0	3	8	0
K13242	796	6559	185	142	50	63	13	23	71	7
K03281	111	772	16	37	5	20	1	4	18	2
K03283	71901	28108	19908	4048	11090	22941	8617	9431	21659	11794
K03064	597	3507	50	46	28	64	26	24	79	32
K03065	86	2783	30	40	20	51	18	19	53	16
K06972	341	4265	372	253	154	578	72	75	531	51
K08955	416	2934	100	49	41	114	11	25	132	19
K03061	552	3992	65	61	25	89	21	30	81	29
K03062	190	6004	54	75	40	109	57	35	123	39
K08956	269	2095	111	64	55	141	19	16	95	20
K08959	704	8974	166	154	90	200	77	68	192	98
K17768	1448	1996	508	65	53	141	38	66	165	82
K11662	28	776	1	5	2	4	3	1	5	1
K03267	3698	1231	876	53	61	241	101	145	239	187
K03264	5845	1889	2171	34	231	956	330	450	732	535
K03265	4419	2238	1121	82	92	290	163	184	322	226
K03262	5105	1602	2040	66	94	390	251	288	340	390
K03263	23759	3748	2042	132	170	678	306	368	578	543
K03260	9292	8139	2116	140	161	488	229	302	558	395
K13800	68	3455	36	13	6	11	4	4	14	6
K06126	92	394	8	6	8	4	2	4	6	7
K06127	465	270	46	12	5	17	5	5	8	15
K06125	33	268	5	5	1	7	1	0	3	1
K09602	147	241	14	0	2	2	0	2	6	2
K17498	403	2082	74	37	25	45	18	9	59	9
K02997	31901	6288	4761	299	441	965	722	781	1009	1032
K17361	13	499	0	5	7	5	0	1	13	1
K17496	552	970	74	10	20	24	25	19	31	22
K01126	6	384	5	2	1	4	1	3	7	1
K16365	227	1502	47	34	8	9	1	2	42	4
K11407	8	181	5	1	0	0	0	0	2	0
K12447	191	1014	26	53	2	53	23	26	63	26
K11793	44	312	7	2	3	8	1	2	11	0
K15450	43	26	15	1	1	4	1	1	2	2
K11797	2	130	0	4	0	1	1	0	3	0
K00002	0	44	1	0	1	1	0	0	0	0
K11885	52	1258	16	11	3	12	4	7	19	3
K11884	2502	1060	1544	19	93	275	265	307	362	366
K11886	255	10013	156	105	95	224	104	78	363	80
K11883	4729	1113	3043	49	200	721	503	642	825	800
K11068	87	471	3	8	2	5	0	0	2	0
K12041	15	758	4	4	2	15	2	0	2	0
K16569	12	163	0	4	0	4	0	0	1	0
K11064	4	1706	8	11	12	19	11	5	35	2
K02915	11427	2140	1486	76	129	342	217	235	361	409
K16219	803	2596	163	13	11	65	18	50	83	39
K00763	400	1349	88	41	13	139	19	23	107	34
K11087	151	466	33	8	5	26	2	10	10	6
K00761	2	4529	9	39	4	29	1	2	24	0
K00766	212	1021	17	25	11	22	8	3	19	8
K00767	2991	94	237	8	4	60	18	35	24	48
K00765	4860	805	961	57	56	211	60	93	202	157
K11088	272	1009	33	19	0	10	5	3	16	6
K08835	79	2529	26	33	11	17	2	5	34	14
K08770	3435	145989	29506	31088	96747	53695	43708	39158	75226	35666
K08776	99	3482	50	30	22	63	18	22	129	18
K11835	2837	2678	1379	84	125	308	210	275	356	381
K10426	25	463	2	7	2	4	1	0	5	1
K10427	6	141	1	0	0	2	0	1	5	1
K09828	534	2330	119	62	31	44	25	30	87	21
K10756	6077	2921	792	142	104	187	34	59	164	86
K10754	51	2142	7	30	15	23	12	11	26	12
K10755	11	546	7	28	4	5	0	0	7	1
K10752	26	388	9	16	1	5	2	0	5	0
K10753	26	353	2	5	0	13	1	2	7	0
K10751	0	33	1	2	0	0	0	0	0	0
K01966	7	1402	3	3	0	8	0	0	8	1
K01965	14	1597	2	0	1	7	3	1	16	0
K11338	111	688	19	9	7	18	4	2	16	4
K17255	110	6594	48	101	29	84	25	28	121	35
K00164	318	5278	66	67	29	118	22	29	132	47
K00166	1	2516	20	2	4	40	3	5	37	1
K00161	1010	4288	713	45	99	664	363	384	857	595
K00162	1230	3200	289	43	36	293	143	160	377	209
K10688	590	54	10	14	1	11	0	3	4	7
K10689	85	814	10	5	5	17	5	2	19	12
K00366	724	6272	2337	111	369	1464	871	943	2109	1109
K10684	12	386	1	13	0	2	0	0	7	0
K10685	41	744	13	15	6	3	1	5	6	0
K10686	28	960	7	10	2	7	1	0	12	1
