K01365	4	103	37	13	23	37	18	11	45	19
K14301	0	3	6	0	3	3	0	2	3	0
K14306	2	0	2	0	1	0	0	0	1	1
K14309	5	6	0	0	1	4	2	0	0	3
K08568	1	37	16	8	16	16	13	4	26	3
K04640	2	3	2	0	0	1	0	0	2	0
K12850	3	15	3	3	0	3	0	0	4	2
K04646	11	55	5	15	8	14	9	10	12	3
K04649	0	3	1	0	0	0	0	0	0	0
K04648	1	9	3	1	6	5	0	1	4	1
K04083	6	4	1	1	0	0	0	0	6	0
K04082	0	1	0	0	0	0	0	0	0	0
K01657	2	5	0	1	0	6	1	1	1	0
K00503	0	1	0	0	0	0	0	0	2	0
K15542	6	2	1	1	0	0	0	0	0	0
K15544	0	8	0	0	0	4	0	0	3	0
K00507	18	62	21	10	25	26	12	17	21	6
K04461	0	8	0	0	1	6	0	0	1	0
K01100	1	2	2	0	1	0	2	1	1	0
K00981	6	4	0	0	0	4	0	0	2	0
K05592	2	1	3	0	2	0	0	0	0	0
K05595	569	325	328	193	175	654	164	129	407	184
K13076	1	11	3	2	1	4	2	1	0	2
K14771	271	477	397	155	325	158	164	182	135	188
K02922	59	33	16	1	5	6	0	0	2	3
K02923	71	10	8	1	4	2	2	3	0	0
K14549	11	2	11	0	7	0	1	1	1	0
K02921	37	42	37	1	7	3	24	10	7	21
K02926	12	3	2	1	0	0	0	0	1	0
K02927	315	239	165	31	55	160	109	132	97	134
K02924	73	38	11	0	4	3	0	1	2	3
K02925	1561	310	302	25	73	94	54	62	61	53
K17969	0	0	0	1	1	1	0	1	1	2
K02929	10172	5634	9172	3922	6157	7025	3956	3444	4894	4013
K14545	4	5	10	0	0	0	1	3	5	3
K00215	14	7	2	0	1	2	2	2	0	1
K13171	0	3	2	1	0	0	0	0	1	0
K00218	30	22	2	5	8	13	1	2	1	14
K01749	156	49	9	9	0	0	0	5	0	3
K02036	2216	1430	1284	902	780	2524	579	596	1678	783
K13176	0	1	0	0	0	0	0	0	0	0
K01586	20067	12198	12445	7789	7314	25385	5552	5735	13943	5730
K01581	4	10	15	2	5	2	3	2	2	4
K01580	0	1	0	0	0	0	1	0	0	0
K11718	2	11	2	0	1	0	0	0	1	1
K09595	5	4	17	7	2	9	2	6	1	1
K15430	6	1	0	1	0	4	0	0	2	2
K08341	5	31	3	3	6	17	3	6	32	5
K08342	387	676	331	96	137	125	174	322	82	134
K08343	0	3	3	0	0	1	0	0	5	0
K02728	32	175	7	7	6	6	3	3	1	0
K02729	6	90	3	4	4	7	3	2	5	5
K15436	7	1	2	0	2	6	1	2	6	0
K15437	0	0	1	1	0	0	0	0	0	1
K02725	9	65	4	2	6	3	3	2	7	3
K02726	2	16	3	0	0	3	2	0	3	3
K02727	0	50	3	1	1	4	6	2	6	3
K02720	128	9	8	7	11	14	3	6	32	3
K03456	17	35	6	11	3	5	3	1	6	1
K03453	24	8	10	6	9	7	3	6	4	9
K12871	17000	10440	14819	5517	9148	12470	6438	5511	7001	6114
K12870	0	2	0	0	0	0	1	0	0	0
K12873	10	1	8	0	0	0	0	0	0	0
K12872	0	1	1	0	0	1	0	0	2	1
K12874	0	4	0	0	1	1	0	2	1	0
K01638	0	0	1	0	0	0	0	0	0	0
K01637	9	43	46	15	9	29	30	18	5	23
K12878	0	3	0	0	2	3	0	3	2	3
K00266	17	25	8	0	0	2	5	6	5	2
K03859	2	2	0	0	0	1	0	1	2	1
K03521	829	1337	1229	428	932	487	513	551	423	583
K03522	0	0	0	0	0	0	0	0	4	0
K14050	0	2	0	0	0	0	1	0	0	0
K03527	6	12	11	3	3	3	2	1	3	1
K03526	15	9	4	0	1	2	2	0	1	2
K03679	0	1	0	0	1	0	2	0	0	0
K03678	2	11	16	0	3	6	4	0	4	0
K03671	815	1188	866	269	314	260	384	365	211	360
K03676	2	16	5	2	1	8	4	1	13	0
K02210	0	2	0	0	0	0	0	0	0	0
K02212	0	7	0	0	0	0	1	0	3	0
K02213	15	18	22	7	8	8	5	8	5	4
K09765	12	21	24	9	15	9	7	5	12	8
K02217	0	0	0	0	0	0	0	0	0	0
K02218	20	17	9	0	2	2	4	4	10	10
K02219	2	8	0	1	0	0	0	0	0	0
K17790	0	2	1	0	0	1	0	1	0	1
K17796	4	0	0	0	0	1	0	0	0	0
K17795	56	56	66	25	58	25	28	27	19	32
K17794	5	9	3	0	0	0	0	1	2	0
K12307	7	6	0	1	3	0	0	0	0	0
K12306	0	0	0	0	0	0	1	0	0	0
K12304	4	7	3	1	0	1	1	0	2	0
K11658	2	0	0	0	1	1	0	0	0	0
K17777	1	2	0	0	0	0	0	0	0	0
K08967	2	16	0	0	2	4	2	2	5	0
K11654	5	8	5	1	1	2	1	1	0	1
K17778	3	2	0	1	0	0	0	0	0	0
K08963	0	1	0	0	0	0	0	0	1	0
K06641	92	114	158	39	82	52	46	67	68	51
K06640	0	2	0	0	0	0	0	0	0	0
K09611	177	280	226	80	80	64	93	82	75	84
K06130	2	4	0	0	0	0	0	0	1	0
K09613	0	5	1	0	0	1	0	1	2	0
K12275	25	18	3	3	5	4	3	4	4	1
K03189	0	3	1	0	1	6	0	0	1	0
K16196	0	7	0	0	0	0	0	1	1	0
K16194	184	361	293	81	77	123	126	106	73	113
K07198	57	33	27	15	29	32	12	8	27	10
K07199	4	5	1	1	1	1	1	1	1	0
K07195	1	8	2	0	2	2	1	1	2	0
K07359	0	3	0	0	1	2	0	0	0	0
K01101	4	5	3	0	3	1	0	1	1	0
K17576	0	3	1	0	0	1	0	0	0	0
K04460	221	474	415	78	75	237	203	168	80	180
K07890	2	1	0	0	1	0	0	0	0	0
K09907	0	0	0	0	0	0	0	0	0	0
K05692	2080	2944	2336	669	710	2651	2701	3544	1747	3369
K00773	2	4	1	0	0	0	0	1	0	0
K11434	6	0	1	0	4	0	0	0	0	2
K11430	1	5	0	0	0	0	0	0	0	0
K09833	5	2	0	0	0	0	0	0	0	0
K07511	0	0	0	0	0	0	0	0	1	0
K07513	1	2	0	0	1	0	0	0	1	0
K09839	7	10	5	6	5	0	0	0	2	0
K09838	20	16	5	4	2	1	0	3	0	0
K10747	0	4	0	2	0	1	0	1	0	0
K10746	130	220	208	79	171	63	85	97	76	87
K10740	0	0	0	1	0	0	0	0	0	0
K10743	0	0	0	0	0	0	0	0	0	0
K16803	2	6	1	1	0	0	0	0	2	0
K01915	540	251	350	128	268	341	125	99	187	113
K15153	0	1	0	1	0	0	0	0	0	0
K01918	0	1	0	0	0	0	0	0	0	0
K11341	0	4	0	0	1	0	0	1	1	0
K10696	21	28	0	0	4	1	0	1	2	2
K10691	3	6	0	1	3	2	2	0	4	1
K07178	184	312	271	99	234	98	121	119	79	124
K07179	5	2	11	0	7	3	0	0	2	0
K01358	8	14	2	1	0	6	3	3	2	1
K01354	51	78	202	20	27	73	52	61	51	62
K02920	66	49	15	2	8	5	3	4	3	5
K05857	5	19	4	3	1	4	1	0	8	2
K08576	2	5	0	0	0	6	2	2	2	0
K14548	40	9	9	0	11	3	0	1	1	1
K17805	0	3	1	0	4	3	1	3	1	2
K17804	3	7	1	0	1	5	0	0	3	5
K17808	0	5	1	0	0	1	3	0	1	0
K15553	1	0	5	0	2	0	2	1	1	0
K15551	5	6	8	0	0	9	2	1	9	2
K05605	0	1	0	1	0	1	0	0	2	0
K01823	4	1	5	0	0	1	1	0	1	0
K04078	26	11	1	1	1	1	3	0	1	0
K04079	1450	510	732	118	369	731	328	355	566	388
K04077	89	20	23	3	11	7	4	3	4	5
K15085	46	35	29	12	23	19	22	15	18	22
K09291	4	13	2	0	0	0	0	4	2	9
K05609	0	0	0	0	0	0	0	0	0	0
K00999	0	2	0	0	0	0	0	0	0	0
K08860	0	27	3	2	0	1	3	1	8	1
K00995	0	4	0	0	0	0	0	0	0	0
K00991	11	3	0	0	0	0	0	0	0	0
K00993	0	10	0	1	0	2	1	0	0	0
K13998	0	2	0	0	0	0	0	0	0	0
K02930	499	238	1720	412	738	355	495	536	544	480
K02932	423	129	115	7	28	33	14	17	32	23
K02934	96	86	38	5	18	7	8	5	5	14
K02937	218	62	56	6	17	10	11	12	22	19
K02936	105	42	24	1	9	5	2	7	5	3
K02938	1831	361	288	22	55	63	49	63	61	78
K17973	77	134	116	47	100	39	41	61	40	51
K17972	0	7	2	0	3	1	2	1	0	2
K00208	35	17	12	9	14	0	3	3	3	0
K01001	662080	406234	410199	263689	226049	787651	172900	166111	487270	203706
K04523	0	5	3	1	3	8	1	0	2	0
K14848	11	1	10	0	9	2	1	2	3	1
K01007	2	9	3	6	1	1	0	2	3	2
K01008	11	28	9	2	0	1	1	0	0	0
K14847	18	6	11	0	8	6	1	2	1	2
K14844	16	10	11	0	7	3	0	2	2	3
K14842	14	5	7	0	1	0	3	2	1	1
K14843	22	8	15	0	11	1	1	0	4	1
K14840	7	5	5	0	3	0	1	2	0	2
K14841	5	5	10	0	1	6	0	3	3	4
K09584	0	1	0	0	0	3	0	0	1	0
K13481	0	2	0	0	1	0	0	1	1	1
K13649	4	8	4	0	2	0	0	1	1	0
K04456	29	23	24	21	22	29	17	20	19	10
K04457	24	9	4	0	4	5	4	0	4	0
K01130	0	2	0	0	0	1	0	0	0	0
K14682	1753	2717	2218	760	1645	910	996	1032	722	1097
K14683	12	87	3	10	4	5	2	1	42	2
K02732	0	20	1	0	0	1	1	1	5	1
K02731	4	16	5	0	3	2	0	0	7	1
K15424	435	521	512	146	225	217	157	246	135	174
K02737	5	27	2	3	5	13	4	4	8	1
K02736	4	26	5	2	10	2	0	0	13	1
K02735	0	22	3	2	5	2	3	0	6	2
K02734	5	24	2	0	0	5	5	0	0	1
K02112	1171	78	206	190	199	78	16	33	105	37
K02111	2141	153	306	351	293	70	58	37	130	63
K02115	257	300	122	74	82	59	12	23	42	12
K02449	0	3	0	0	0	0	0	1	0	1
K01649	29	4	16	1	9	0	1	1	2	2
K12848	0	2	1	0	0	0	0	0	1	0
K12849	0	5	0	1	0	0	0	0	0	0
K12844	2	0	0	1	0	0	0	0	0	0
K12845	39	9	7	0	1	4	3	0	4	1
K12846	0	1	0	0	0	0	0	1	0	0
K12847	2	5	7	1	4	0	0	1	3	3
K01647	14	9	3	0	0	0	3	1	1	2
K12842	3	13	1	0	0	0	0	1	0	0
K12843	0	6	0	1	0	2	0	0	0	0
K03868	30	104	54	24	50	43	30	30	21	32
K03869	116	181	177	78	143	71	85	82	61	85
K03251	28	17	22	0	2	0	1	0	3	1
K03514	23	46	29	9	10	9	20	4	10	9
K03517	1	5	2	0	0	6	4	0	0	0
K03511	0	4	1	0	0	1	0	0	0	0
K03884	0	0	0	0	0	0	0	0	0	0
K03885	36993	22546	31996	13920	22601	26860	14939	13038	16957	13777
K03883	0	0	0	0	0	0	0	0	0	0
K03881	1	0	0	0	0	0	0	0	0	0
K02209	0	7	0	0	1	0	0	0	1	0
K02202	2	2	1	1	0	1	0	1	1	0
K03083	14	148	8	3	0	5	2	0	2	2
K03240	6	5	8	0	1	1	1	0	0	1
K03242	186	94	31	3	4	15	15	6	4	6
K03243	11	13	6	1	5	7	5	4	7	6
K03245	21	7	3	0	0	0	2	2	1	1
K03246	31	22	15	2	3	7	0	3	6	4
K03247	33	12	13	1	3	1	3	0	3	2
K03248	18	19	3	4	2	4	2	1	1	8
K03249	36	15	23	0	2	13	2	3	4	1
K12190	3	3	0	0	0	1	0	0	3	0
K12191	0	1	0	0	0	3	0	0	3	0
K12196	0	6	7	4	0	5	0	2	7	1
K12197	4	13	2	2	1	1	0	0	2	1
K12194	34	89	14	5	13	10	3	6	32	3
K12195	3	3	1	0	0	0	1	0	0	0
K06100	8	10	1	1	2	0	0	3	0	0
K12198	0	9	3	2	5	4	2	1	14	4
K12199	0	0	3	2	2	1	5	0	1	0
K03644	4	5	5	1	4	7	1	2	2	5
K16185	26	58	5	1	1	0	0	0	0	1
K06693	522	1213	922	166	197	518	405	479	194	364
K13917	6	11	9	5	11	11	1	2	12	7
K03941	124	209	29	16	11	10	2	3	14	2
K06215	63	14	14	0	16	8	5	3	15	8
K04854	18	36	22	7	21	12	10	17	5	22
K07342	14	12	7	0	1	6	0	0	2	1
K11644	35	31	48	10	16	24	6	14	6	20
K17586	0	1	0	0	0	0	0	0	0	4
K17583	5	2	8	2	6	2	5	3	1	1
K11649	2	5	1	1	0	1	1	2	0	0
K01867	495	857	648	274	526	400	329	445	229	374
K10597	0	7	0	0	1	3	0	0	10	0
K10591	10	58	10	6	7	17	4	1	20	3
K10592	5	6	0	0	0	5	0	0	0	0
K11518	4	5	0	0	2	2	0	0	0	0
K11517	0	0	0	0	0	0	0	0	0	0
K06961	11	5	12	0	7	5	1	2	3	1
K10599	0	18	0	2	0	1	0	2	3	2
K06965	0	2	0	0	0	0	1	0	0	0
K12736	4	0	0	0	0	1	0	0	1	2
K12737	0	0	9	0	2	2	1	1	3	3
K12734	0	2	0	0	0	1	0	0	1	0
K12733	0	1	0	0	0	0	0	0	0	0
K01868	31	31	26	7	13	13	2	5	9	2
K08994	19	24	27	4	14	10	6	2	12	2
K01869	34	5	5	1	4	8	0	3	3	4
K01883	10	8	3	0	4	2	6	3	4	1
K10389	0	4	0	1	0	1	0	1	0	0
K07509	0	0	0	0	0	0	0	0	0	0
K07508	0	1	0	0	0	0	0	0	0	0
K11423	2	8	9	1	4	8	2	0	4	3
K11422	2	3	1	0	2	1	0	0	2	0
K10773	45	79	73	9	9	29	18	16	12	26
K02641	414	363	425	804	376	172	50	55	122	51
K10777	0	3	1	1	0	1	0	1	2	0
K00416	10	11	2	1	0	2	0	0	4	0
K01900	8	9	6	2	0	1	0	3	0	0
K03155	7	4	4	3	2	0	1	3	1	1
K00411	28	39	4	4	6	4	1	3	5	5
K05928	7	2	0	0	0	0	0	0	0	0
K14820	17	2	13	0	2	2	4	2	0	2
K00413	29	30	12	5	3	6	3	2	6	0
K00698	38	58	34	25	17	22	12	17	23	10
K10357	1	31	9	5	2	1	2	2	6	3
K00344	27	18	0	6	4	10	2	0	2	4
K08504	0	4	2	0	0	3	0	0	3	0
K14327	6	12	16	8	3	4	7	3	5	2
K14326	35	30	24	3	7	3	1	3	6	8
K05601	71854	43122	61167	24612	40318	50461	29094	24397	31449	27801
K01835	755	1197	916	280	296	302	379	344	236	378
K01834	36	38	13	7	4	6	4	4	7	10
K01836	4	13	2	1	0	2	0	1	2	0
K05236	6	51	2	3	3	7	1	0	7	0
K00797	3	7	0	1	1	1	0	1	0	0
K14213	0	2	0	2	0	4	0	0	1	0
K00026	7	1	1	0	0	0	1	0	1	0
K02908	113	69	64	6	12	17	9	11	24	17
K03152	0	8	0	0	0	0	0	0	0	4
K02905	40	29	15	2	6	2	2	2	4	4
K17900	2	1	0	0	1	2	0	0	1	0
K02900	303	99	162	16	26	45	44	44	35	59
K02901	568	172	207	1	40	35	25	20	25	44
K02902	7	1	0	1	0	0	0	0	0	0
K02903	67	57	19	1	7	3	6	5	3	1
K00231	1	6	0	0	0	0	1	0	1	1
K00232	0	5	1	0	0	3	0	0	5	0
K00234	4	20	8	0	4	10	9	6	10	6
K00235	9	39	9	0	4	6	9	7	4	2
K00236	1	12	4	0	0	1	4	0	1	2
K14209	3	9	3	0	3	1	3	0	1	0
K15634	0	0	0	0	0	0	0	0	0	0
K15631	4	9	2	6	0	4	4	0	0	0
K02694	46	1	4	2	0	1	0	3	0	1
K02690	1153	111	195	250	280	464	110	80	552	122
K02693	0	0	0	0	0	0	0	0	0	0
K14855	16	3	6	0	11	0	1	2	0	5
K04536	16	9	9	3	2	1	1	0	2	0
K14857	28	6	17	2	9	1	1	5	2	2
K14856	5	10	4	0	4	1	1	5	4	2
K01012	1	4	1	1	0	1	0	0	1	0
K01011	0	0	0	0	0	1	0	0	0	0
K14852	1	7	8	0	7	3	1	2	0	0
K12879	211	334	400	92	164	247	231	192	64	107
K09560	5	7	0	0	1	0	2	1	0	0
K00833	0	0	0	0	0	0	0	0	0	0
K00831	0	76	7	4	3	9	5	8	6	5
K14455	14	5	2	3	3	1	1	2	3	5
K01120	15	20	25	8	12	14	6	4	20	5
K02636	152	231	158	124	106	113	22	24	93	30
K15452	186	302	279	100	227	103	122	128	97	136
K15456	21	43	40	8	5	17	16	18	8	17
K15987	22	9	3	3	2	1	1	0	1	2
K05312	0	1	0	0	1	0	0	0	1	0
K09391	1	5	0	1	2	0	0	0	1	2
K12859	0	1	0	0	0	0	0	0	0	0
K08293	0	4	0	0	0	1	0	0	0	0
K12852	5	11	0	1	1	3	1	0	3	1
K01652	21	16	20	1	1	2	2	3	0	2
K12857	0	4	0	0	0	0	0	2	0	0
K12856	13	24	14	6	2	3	2	4	13	0
K12855	0	3	1	0	0	2	1	0	0	0
K12854	2	9	4	3	0	6	0	0	2	0
K02875	62	54	8	1	10	1	6	0	4	16
K02876	3	2	1	0	0	0	0	0	1	1
K02877	450	115	151	13	22	46	46	24	32	50
K02870	474	140	129	7	44	22	35	20	16	36
K02871	1	3	0	0	0	0	1	0	0	0
K02872	88	38	27	0	10	6	4	4	3	1
K02873	160	62	58	2	13	7	5	6	8	20
K03872	1	5	0	0	0	2	0	0	1	0
K02879	28	31	5	4	11	5	3	1	3	1
K03500	3	0	0	0	0	0	0	0	0	0
K06027	0	0	0	1	0	1	0	0	3	0
K03470	0	8	8	0	2	0	0	0	3	1
K13106	1	0	1	0	0	0	0	0	0	0
K13102	0	0	0	1	0	1	0	0	1	0
K10589	2	13	7	0	6	7	0	1	6	5
K13100	0	10	0	0	1	0	0	0	1	1
K11293	0	2	1	0	0	1	1	0	1	0
K03094	16	50	23	7	6	20	2	6	12	4
K03097	306	269	40	14	13	24	7	16	23	7
K12501	0	0	0	2	0	4	0	0	2	0
K03259	33	35	10	3	6	5	2	1	2	0
K03258	5	2	2	1	3	0	0	2	0	1
K03257	660	149	1201	245	671	446	324	312	627	410
K03256	4	0	5	0	0	4	0	1	1	0
K03255	38	53	25	13	23	13	12	21	22	18
K03254	20	27	12	0	9	4	1	4	1	2
K03253	21	24	16	1	13	0	1	3	4	2
K03252	35	28	12	0	10	3	0	3	3	2
K06119	3	30	2	6	5	6	0	1	12	2
K03250	26	12	8	0	5	3	3	1	3	7
K12180	0	4	0	0	0	0	0	0	1	0
K12183	0	9	0	0	0	1	0	1	1	0
K12185	0	4	1	0	0	2	1	2	2	0
K12184	0	3	0	0	0	3	0	0	0	0
K12189	0	1	2	0	0	0	0	0	0	0
K12188	0	2	0	1	0	0	0	0	1	0
K03650	6	0	0	0	0	0	0	0	0	0
K06689	23	73	11	5	5	9	6	3	8	7
K06685	25	85	12	9	15	18	3	2	5	6
K16535	3	2	1	2	3	1	1	0	1	0
K16536	1	10	6	2	4	5	3	3	8	0
K03955	7	12	3	2	1	0	0	0	0	4
K06207	26	12	18	14	33	25	2	2	12	3
K07374	7619	9574	12954	4173	4767	11020	6953	12117	4323	12642
K07375	14960	14078	22105	10012	6496	18652	10848	20082	7791	22434
K07376	1	15	12	1	9	1	0	2	4	2
K11984	115	263	190	39	34	128	83	74	37	80
K10583	2	2	1	1	0	1	0	0	2	1
K10582	5	5	0	1	0	2	2	0	1	0
K10580	2	3	1	1	0	1	1	2	1	0
K10587	0	3	1	1	0	1	0	0	2	0
K07977	3	21	0	3	1	1	0	0	2	1
K11292	10	9	7	2	0	7	2	3	3	11
K06972	3	4	5	20	32	20	1	3	26	3
K11294	13	6	7	1	0	2	0	1	1	3
K11295	12	30	4	5	1	1	1	1	3	0
K00759	0	2	1	0	0	1	0	0	0	1
K00753	0	2	0	0	0	1	0	0	0	0
K00750	0	0	0	0	0	0	1	0	0	0
K07573	10	11	15	10	4	8	4	6	9	3
K10903	0	2	1	0	0	0	0	0	0	0
K10901	358	517	554	211	437	215	250	266	180	236
K07575	4	1	0	0	2	0	0	0	0	0
K11187	4	11	4	1	8	5	4	2	4	1
K11364	0	2	0	0	0	1	0	0	0	1
K11366	0	4	1	1	0	0	1	0	2	0
K12815	0	11	2	0	0	0	0	1	1	0
K11166	0	0	5	0	0	0	0	0	0	1
K07889	5	37	8	3	4	13	5	4	17	3
K01939	45	42	25	6	10	6	10	7	4	9
K01934	0	8	2	0	0	2	1	0	2	2
K01937	21	0	2	0	1	1	0	0	0	4
K00357	0	1	0	0	0	1	0	0	1	0
K05956	0	0	0	0	0	2	2	0	0	0
K05954	231	290	251	99	100	72	105	103	76	91
K05955	3	3	6	2	2	1	0	0	1	0
K07151	3	29	9	4	6	7	3	0	5	2
K00681	0	5	0	0	1	5	0	2	0	1
K07515	0	0	0	0	0	0	0	0	1	0
K08515	2	23	2	1	2	5	1	0	2	0
K08517	0	1	0	0	0	0	1	0	1	0
K08516	2	8	1	1	0	3	0	0	6	0
K07901	61	28	16	13	5	28	6	6	30	7
K01809	2	15	2	3	0	1	0	0	1	1
K01802	20	16	10	5	12	4	5	2	8	0
K01803	16	32	5	8	12	8	1	0	3	1
K01807	20	6	5	2	5	3	0	1	6	0
K01247	0	0	1	0	0	5	0	3	0	0
K01244	1	0	1	0	0	0	0	0	1	0
K10884	3	8	5	1	1	0	3	0	0	0
K02918	83	53	15	0	7	4	2	2	8	3
K02913	0	2	0	0	0	2	0	0	0	0
K02912	1787	223	298	21	63	59	56	47	64	77
K02910	170	24	32	3	14	7	6	3	6	5
K02917	40	41	18	1	7	0	1	1	1	1
K17917	5	14	2	1	1	1	1	4	8	2
K01336	0	30	0	1	0	0	0	1	0	0
K00228	13	11	5	2	0	1	1	2	1	3
K15196	0	3	0	1	0	0	0	0	1	0
K00225	4	2	2	0	0	0	1	0	0	0
K00222	0	0	0	0	0	1	0	0	0	0
K01069	5	17	0	4	2	4	2	0	3	0
K02685	0	0	0	0	0	0	0	0	0	0
K02684	0	0	0	1	0	0	0	0	0	0
K01062	1169	1910	1570	560	1203	653	681	762	532	824
K01792	67	19	25	15	7	11	0	0	15	2
K01061	12	32	19	6	11	22	13	24	15	28
K14864	6	2	2	0	0	0	0	0	0	2
K00825	0	0	0	0	0	0	0	0	0	0
K18106	14	0	6	0	3	3	0	0	1	2
K00826	8	6	8	2	5	4	0	4	4	1
K00820	94	85	33	12	13	22	9	15	31	16
K00823	2	2	2	1	11	3	3	0	1	0
K14564	39	10	15	0	10	1	5	4	3	3
K15449	8	6	7	0	5	1	0	0	2	3
K15448	0	4	2	0	0	0	0	5	0	0
K11165	0	0	0	0	0	0	0	1	1	1
K01488	0	7	0	1	2	1	0	0	1	0
K15441	0	3	0	0	0	0	0	0	0	0
K08333	1	6	1	0	0	1	1	1	1	0
K15445	15	12	49	3	4	17	16	14	13	19
K14792	26	13	18	1	1	7	1	1	3	1
K08337	7	19	13	1	9	8	8	6	9	7
K08336	0	3	0	0	0	0	0	0	0	0
K01662	36	7	1	4	5	2	1	0	1	1
K01663	1	2	0	1	2	8	0	0	3	3
K05307	0	1	0	0	0	0	0	0	1	0
K01669	3	0	0	1	0	0	0	0	0	0
K01462	1	0	2	0	1	0	0	0	0	0
K02863	117	2	6	2	0	4	0	2	2	1
K02866	266	149	1390	502	853	623	578	541	752	583
K02865	2980	642	653	77	145	161	127	129	173	168
K04499	1	6	5	0	0	2	0	2	0	1
K02868	470	104	600	146	306	150	177	180	197	175
K05544	2	3	8	1	8	0	1	0	4	2
K05546	2	8	1	0	0	0	0	1	1	1
K05016	0	12	2	0	1	1	1	1	0	0
K05543	1	1	4	0	3	2	0	1	2	1
K05542	2	1	15	0	2	2	1	3	5	3
K14006	0	11	1	0	2	3	2	4	6	2
K14007	4	12	1	0	0	2	1	2	3	1
K14004	62	82	97	25	37	87	60	48	22	29
K14005	0	6	1	1	0	1	3	3	2	2
K03316	0	11	1	2	1	3	2	2	0	0
K17292	0	0	0	0	0	0	0	0	0	0
K02260	0	1	3	0	0	2	0	0	2	0
K02942	56	29	22	3	2	4	1	2	2	5
K02267	10	8	2	3	2	1	1	0	1	5
K08730	0	1	0	0	0	1	1	0	1	0
K13289	3	46	10	8	10	14	4	5	20	7
K03797	0	5	0	0	0	1	0	1	0	0
K03798	21	18	32	15	54	22	7	11	35	3
K13280	12	2	0	0	0	0	0	0	0	0
K02945	5	0	1	0	0	0	0	1	1	0
K03403	91	74	43	46	41	21	14	14	26	5
K13119	4	4	0	0	2	1	0	0	0	0
K14713	0	4	2	1	1	0	0	0	1	0
K13448	12	29	23	2	5	9	4	5	17	3
K13116	5	2	2	0	1	1	0	1	0	0
K13111	3	2	3	0	3	3	0	0	0	0
K00053	368	70	147	6	55	14	12	14	23	23
K07877	8	9	2	3	6	3	3	1	9	0
K09486	8	19	9	4	3	6	2	3	6	3
K09487	4	14	7	0	1	26	8	3	22	4
K09488	4	2	0	0	0	0	0	0	0	0
K09489	13	9	5	1	3	4	1	1	4	1
K12883	1	4	0	0	0	2	0	0	0	0
K17618	1	42	8	6	3	11	3	2	2	2
K17619	3	10	3	2	0	0	0	0	0	0
K17616	473	724	574	185	194	174	241	240	143	235
K17614	0	3	3	1	1	4	0	0	5	2
K08681	3	4	2	0	0	1	0	0	0	1
K08683	0	0	0	0	0	1	0	0	1	0
K12400	5	17	2	4	3	5	3	5	2	2
K17430	0	0	0	1	0	0	1	0	0	0
K12403	1	4	0	1	3	2	1	0	3	1
K03136	1	8	0	3	0	6	0	1	3	1
K03132	0	1	0	0	0	0	0	1	0	0
K03130	4	3	0	3	2	1	0	0	1	0
K03131	0	0	0	0	0	2	0	0	1	0
K04534	6	5	2	1	0	1	0	0	7	0
K10578	0	3	2	0	0	0	0	0	2	0
K10579	7	13	2	0	0	1	0	0	3	4
K10577	0	24	4	4	4	9	0	0	3	1
K10575	17	27	4	1	3	2	1	2	3	1
K10573	14	32	8	2	3	7	1	0	19	2
K10570	673	1139	819	356	705	523	421	540	313	502
K07095	0	0	0	0	0	1	0	1	0	0
K06133	0	0	0	0	0	0	0	0	0	0
K07561	8	0	2	0	2	0	0	1	0	0
K07560	0	0	1	0	0	0	0	0	0	0
K07562	92	11	44	0	16	3	1	6	4	6
K07565	13	2	3	0	1	0	0	0	0	0
K17989	391	584	579	214	487	222	271	255	191	268
K11170	0	0	1	0	1	5	0	0	3	0
K11173	1	20	5	1	0	0	0	2	2	1
K01923	2	2	0	0	0	0	0	0	1	0
K01922	0	0	0	0	0	1	0	0	1	0
K01921	0	4	1	0	2	1	0	0	4	0
K01920	184	272	289	112	250	108	107	146	101	129
K01925	0	0	0	0	0	0	0	0	0	0
K00323	6	30	18	10	5	15	8	13	4	10
K00326	10	3	7	1	3	6	1	1	7	0
K00327	0	15	4	3	3	1	1	1	2	0
K05941	557	867	711	224	375	257	306	307	214	316
K06944	12	6	10	1	0	3	0	0	0	4
K14785	7	2	0	0	0	0	1	0	1	0
K06942	18	7	5	2	3	1	2	2	1	1
K06943	36	13	33	1	13	4	4	6	7	10
K10807	11	0	4	2	0	0	1	0	0	0
K14767	14	3	15	0	7	1	0	0	0	2
K06949	1	4	2	0	0	1	0	0	1	1
K07140	0	2	0	0	1	0	0	0	0	0
K03940	17	15	7	1	5	1	1	2	4	1
K09272	3	4	3	0	0	1	0	1	0	0
K10394	0	5	1	2	0	1	1	0	3	0
K01814	41	203	65	22	164	45	40	74	24	68
K10393	3	4	0	1	1	1	1	1	2	1
K01810	1	7	0	0	0	0	0	0	1	0
K15296	6	3	0	2	0	0	0	0	0	0
K15292	1	12	4	1	1	5	0	0	3	0
K04043	52	2	1	3	3	3	2	3	15	1
K04040	8	3	0	3	0	1	0	1	1	0
K15507	7	2	0	0	0	0	1	0	0	0
K00784	12	4	5	0	1	4	1	0	1	1
K00036	0	9	0	0	0	0	0	0	1	0
K00789	95	222	66	46	21	44	20	21	14	19
K00033	9	27	7	5	3	0	3	2	0	0
K00030	16	2	3	0	0	0	0	0	0	0
K01259	0	5	0	0	0	0	0	0	0	0
K08360	0	4	0	0	0	0	1	2	1	0
K15109	32	48	40	8	13	27	21	15	8	14
K01255	1	13	2	0	2	7	0	1	2	0
K14805	31	12	27	0	7	1	0	3	3	3
K01251	941	834	541	1465	925	816	460	535	1188	422
K01253	0	3	0	0	0	0	0	0	0	0
K00252	0	7	1	0	0	1	0	0	1	0
K00253	0	8	4	2	0	0	0	3	0	0
K00254	0	0	0	0	0	0	0	0	0	0
K01079	3	1	2	0	0	1	0	0	1	0
K01078	3	15	5	3	3	24	5	3	18	5
K04554	2	2	2	0	1	1	0	0	1	0
K18172	0	4	1	0	0	0	0	0	0	0
K18170	1	1	0	1	1	1	0	0	2	0
K00814	2385	1325	2157	992	1544	1754	912	750	1037	935
K00815	0	7	6	2	0	2	0	5	2	0
K00816	0	9	0	4	3	0	3	2	2	0
K00817	7	11	5	0	1	2	2	5	2	1
K00819	1	7	0	0	0	0	0	1	1	0
K14797	20	4	17	0	10	2	3	4	2	1
K15276	8	41	22	6	3	10	11	11	11	14
K15277	123	207	192	78	165	72	78	88	74	73
K15275	31	17	8	2	0	9	5	1	6	2
K15272	264	552	480	80	100	286	244	187	96	196
K03008	4	1	0	0	0	1	0	0	0	0
K14674	0	0	1	0	0	0	0	0	0	0
K14677	0	5	0	0	0	0	1	0	0	0
K01490	1	11	0	1	0	1	0	0	3	0
K01497	2	4	4	0	2	0	0	2	0	0
K01495	3	0	6	0	2	0	0	0	0	0
K15279	2	2	0	3	0	0	0	0	0	0
K01676	1	4	3	0	0	2	1	9	0	2
K01679	11	6	1	0	0	0	0	0	2	4
K01476	1	4	1	0	0	5	1	0	1	0
K02898	2852	347	387	38	45	76	49	64	81	98
K02896	131	68	39	2	11	5	3	14	8	5
K02894	173	78	53	4	18	19	13	13	15	20
K02895	0	6	0	1	0	2	1	0	0	0
K02892	0	8	3	0	0	2	0	2	2	9
K02893	230	76	69	4	15	16	6	13	18	17
K02891	54	67	28	1	12	8	3	6	5	9
K14018	0	9	0	1	0	2	0	0	1	1
K01784	336	823	586	101	146	339	290	276	133	273
K01783	275	236	134	65	26	21	13	5	23	11
K14012	0	6	2	2	0	0	0	1	3	0
K14015	0	9	0	0	0	2	1	2	5	0
K14016	58	101	93	35	71	32	33	54	36	40
K02256	1	0	0	0	1	2	0	0	0	0
K02257	503	782	759	293	601	295	358	376	244	350
K02520	39	16	18	2	19	4	0	0	9	2
K03305	14	15	6	9	15	12	5	3	18	9
K03301	15	5	0	0	0	0	0	0	0	0
K02259	0	4	3	0	1	1	3	1	1	1
K03783	0	10	0	3	2	1	0	1	6	0
K03782	5	2	0	0	0	0	0	0	2	0
K12819	568	784	2057	272	281	878	554	715	429	635
K13120	131	273	247	39	44	153	111	88	52	97
K13121	4	5	0	3	0	8	1	0	6	0
K13431	2	6	0	1	0	0	0	0	1	0
K13124	0	2	1	3	3	3	0	0	1	0
K13125	4	5	13	2	12	7	3	0	11	5
K13126	47	28	32	0	25	13	4	5	3	4
K13127	137	205	241	84	173	85	97	109	85	103
K06638	0	1	0	0	0	0	0	0	0	0
K17732	0	4	0	0	1	1	0	0	1	0
K03239	0	0	2	0	4	1	0	1	4	0
K03238	125	19	23	3	11	5	7	8	6	6
K02324	0	2	0	0	0	0	0	1	1	0
K06174	8	10	11	1	3	7	0	3	5	0
K02326	0	0	0	0	0	0	0	0	0	0
K02327	3	21	0	0	0	2	0	0	2	1
K03231	17624	5053	12539	2325	6126	6124	4656	5295	7553	4685
K03233	0	0	0	0	0	0	0	0	0	0
K03232	1	1	1	0	0	0	0	0	0	0
K03235	1265	1529	647	93	237	305	88	114	180	85
K03234	1500	397	483	84	162	161	92	105	204	110
K03236	340	89	90	12	19	38	17	11	22	16
K09493	2	6	0	0	0	0	0	0	1	0
K03544	72	141	112	43	38	27	65	48	39	39
K09497	16	4	8	0	0	1	1	1	1	1
K09496	28	14	12	13	15	21	5	3	10	4
K09494	8	4	3	0	0	0	0	0	0	0
K09499	0	11	3	0	1	1	0	0	0	1
K09498	5	8	0	0	1	0	0	1	0	0
K17609	39	77	58	13	32	82	32	53	51	63
K12898	6	3	9	2	3	0	0	0	2	3
K17601	93	201	181	28	37	113	84	70	34	77
K17600	634	1195	881	306	684	329	363	435	301	472
K17424	2	2	0	2	0	2	0	1	0	0
K17427	0	2	2	1	0	0	0	0	0	0
K17422	4	11	2	1	2	10	2	2	2	2
K12418	12	53	27	11	14	26	10	3	27	2
K17428	3	3	0	0	1	2	0	0	0	0
K03125	74	166	137	21	27	70	52	57	33	49
K03120	3	2	0	1	1	0	0	0	2	0
K13941	0	1	0	0	0	0	0	0	0	0
K08832	4	21	9	5	3	2	3	6	5	2
K08830	0	0	0	1	0	0	0	0	0	0
K02831	4	7	18	1	12	12	7	3	21	4
K12524	25	6	6	0	3	0	0	3	3	2
K11968	3	17	2	2	1	13	0	1	9	1
K05288	0	6	1	0	1	0	0	0	1	0
K07953	27	121	11	6	1	12	4	7	9	5
K03424	46	71	57	25	25	25	30	25	16	16
K03426	0	3	0	0	1	1	1	0	4	0
K10960	379	377	68	158	27	48	24	17	63	17
K07555	0	0	0	0	0	1	0	0	0	0
K07556	0	1	0	1	0	0	0	0	1	1
K16465	1	2	0	0	0	1	0	1	0	0
K10704	6	10	0	1	0	2	0	2	2	0
K10706	13	16	1	0	0	1	2	9	2	1
K02915	54	69	11	1	13	4	1	3	4	0
K00331	16	15	7	1	6	1	1	2	4	1
K02953	287	82	58	5	7	16	13	9	11	14
K06955	0	0	1	0	0	0	0	0	0	0
K06959	29	6	5	2	9	2	0	0	0	0
K11548	0	2	0	0	0	0	0	0	0	0
K10365	0	1	0	1	1	0	0	0	0	0
K10364	0	5	0	0	4	0	0	0	1	0
K12587	1	1	0	2	0	0	0	0	0	2
K10630	0	5	0	0	0	6	0	0	2	2
K10144	25	15	31	17	15	14	8	11	11	16
K01866	18	13	4	0	1	2	0	0	3	0
K10380	0	10	0	1	0	4	0	0	1	0
K00226	5	0	3	0	0	0	0	0	0	0
K15283	23	18	6	4	5	0	0	0	0	0
K15281	0	1	0	1	0	0	0	0	0	0
K15280	0	3	0	1	1	1	0	0	0	0
K15287	460	740	660	254	547	272	283	326	223	318
K15284	2	8	13	1	2	10	0	7	7	5
K07456	0	0	0	1	4	3	0	0	2	0
K15040	49	40	22	1	0	2	2	3	4	2
K00029	1	0	0	2	1	7	0	0	2	0
K00799	23	36	9	4	12	19	11	16	21	8
K00798	3	3	0	0	1	1	0	0	0	0
K00025	0	1	0	0	0	0	0	0	0	0
K00794	4	31	4	3	1	1	0	0	5	6
K00021	5	11	5	3	1	1	3	1	8	1
K00020	0	3	1	0	0	1	0	0	0	0
K00791	877	1377	1143	389	874	474	498	570	371	605
K00022	0	0	0	0	0	0	0	0	0	0
K01269	683	1156	452	126	107	159	254	280	173	333
K01262	5	12	12	7	21	25	4	2	19	2
K01265	24	13	10	4	5	5	5	4	6	1
K01267	4	10	6	1	3	4	3	0	3	2
K09667	0	0	1	1	0	0	0	0	0	0
K01414	0	13	2	5	20	9	4	2	16	3
K00248	0	4	2	0	0	3	1	1	2	0
K02320	0	4	0	0	0	0	0	0	0	0
K01315	11	11	34	11	29	10	5	7	7	3
K01312	55	29	132	40	119	98	45	28	97	50
K14863	9	3	4	0	9	0	0	0	2	0
K15849	492	833	568	153	189	186	233	206	150	242
K06980	11	33	25	18	19	13	7	23	23	12
K18162	1	2	1	0	0	1	1	0	0	0
K00809	7	1	6	0	0	0	0	1	0	0
K13606	8	0	4	2	0	0	0	3	0	0
K00804	1	0	0	0	0	6	0	1	3	0
K00803	0	7	0	0	0	0	0	0	1	1
K00801	3	13	0	0	0	1	0	0	0	0
K00800	13	5	3	1	2	0	0	0	0	0
K15463	4	14	7	2	4	1	3	8	9	6
K10436	0	4	0	0	0	0	0	0	0	1
K04498	2425	1837	1402	452	930	682	543	522	564	689
K15264	7	0	3	0	1	4	0	0	0	0
K14399	16	17	76	4	11	29	14	26	21	16
K15261	12	15	9	0	5	8	4	0	10	2
K15263	0	3	4	0	0	0	3	0	0	0
K14396	7	5	2	1	0	2	0	0	2	0
K01689	264	29	81	5	15	19	20	26	27	22
K01687	21	2	3	0	0	0	0	1	0	0
K14026	3	6	0	0	0	0	0	1	0	0
K02889	290	86	99	13	25	19	10	7	22	10
K02885	2	2	3	2	1	6	3	2	0	4
K02884	8	0	1	0	1	0	0	0	1	0
K02887	1	1	1	0	0	0	1	0	2	2
K02880	89	78	38	0	17	4	6	5	4	7
K02883	103	68	41	7	20	5	5	8	2	20
K02882	293	99	64	8	19	17	19	15	10	20
K04564	3	3	0	0	0	1	0	2	0	1
K14800	1	3	1	1	1	0	0	1	2	0
K04567	71	19	20	0	6	10	1	2	3	6
K14806	13	4	21	5	15	3	5	1	0	3
K01043	0	0	0	0	1	0	0	0	0	0
K14808	20	8	19	1	5	4	3	6	2	5
K14809	7	7	14	0	9	1	1	2	0	1
K02537	0	1	0	0	0	0	0	0	1	0
K02533	0	0	0	0	0	0	0	0	0	0
K02087	16	27	6	4	0	2	0	0	4	0
K13137	4	6	0	0	0	0	0	0	0	0
K13138	0	6	0	0	0	0	0	0	0	1
K03428	23	9	2	0	2	2	0	0	1	1
K13421	15	1	2	0	2	0	0	0	0	0
K02958	2261	438	467	45	73	103	61	87	108	142
K03934	3	0	0	0	0	0	1	0	0	0
K03935	19	1	1	3	0	2	0	1	1	1
K12394	13	8	4	0	2	5	0	0	4	1
K03754	2	0	4	0	0	0	0	0	2	3
K12391	3	14	2	1	2	4	2	0	2	0
K12392	3	25	4	0	0	1	0	0	5	0
K12393	4	7	5	0	0	3	3	4	1	1
K12398	8	29	14	1	9	14	7	19	10	24
K12399	0	2	0	0	0	0	0	3	1	2
K09668	1	23	1	1	0	22	0	0	6	1
K02336	0	1	0	0	0	0	0	0	0	0
K02335	7	8	6	2	5	9	2	7	5	6
K06147	0	0	0	0	0	0	0	0	0	0
K02331	26	4	22	0	5	2	0	2	0	3
K00589	1	7	14	0	10	10	3	3	4	3
K09529	2	5	1	0	1	2	6	1	2	1
K03680	2	4	2	0	0	1	0	1	0	0
K03681	1	6	2	0	1	0	0	0	0	0
K03685	0	1	0	0	0	1	0	0	0	0
K03686	6	8	5	1	10	5	1	2	3	0
K17637	1	11	1	3	0	1	1	0	3	2
K12175	46	99	64	17	23	24	35	26	19	26
K12176	0	4	0	1	1	0	0	0	1	0
K12178	0	3	3	0	1	2	1	0	2	2
K12179	0	5	1	2	2	2	0	1	3	0
K02969	516	158	78	4	12	18	11	19	21	18
K07300	5	4	1	2	0	2	2	1	1	2
K03113	16	7	6	1	5	8	2	2	1	7
K07305	0	2	0	0	0	1	2	0	0	0
K07304	4	13	11	2	1	11	4	4	10	3
K03116	3	1	1	1	1	0	3	0	1	0
K08827	0	4	0	0	1	0	1	0	0	1
K14664	0	0	0	0	0	0	0	0	0	0
K08823	0	8	0	0	3	4	0	0	0	0
K13811	11	99	6	10	13	11	9	2	3	5
K14662	1	29	17	3	4	10	10	8	6	6
K17255	7	35	4	1	0	6	0	1	10	2
K01529	290	432	454	153	352	166	181	221	164	187
K11976	0	1	1	0	0	0	1	1	0	0
K03115	162	326	320	67	128	116	136	128	92	126
K16075	0	3	0	0	0	0	0	0	0	0
K08794	16	37	11	4	7	7	2	6	4	2
K08790	2	6	0	1	0	2	1	1	3	0
K06890	0	2	0	0	0	5	1	0	3	1
K07238	10	14	1	0	3	3	1	1	1	0
K09843	0	9	0	0	0	0	1	1	0	0
K10956	47	23	13	7	2	5	4	9	2	8
K10950	15	28	36	10	9	21	19	4	14	11
K09680	0	0	0	0	0	0	0	0	2	0
K12606	1578	2512	2236	756	1705	903	950	1031	768	1068
K12604	23	37	9	3	3	6	6	3	8	0
K12605	12	6	5	0	0	1	0	1	6	2
K12603	15	9	3	2	1	4	0	1	1	4
K12600	1	1	3	0	0	1	0	0	0	0
K11155	0	6	0	1	0	1	1	1	0	0
K12608	4	6	8	11	9	14	2	2	4	3
K00658	3	3	10	0	0	3	4	10	0	0
K00654	113	211	178	62	120	52	59	71	43	80
K00655	4	8	4	8	1	6	1	3	4	0
K11805	6	40	9	3	3	8	4	3	5	5
K11806	9	1	7	0	2	0	0	0	1	3
K07943	2	8	0	0	0	1	0	0	0	0
K07942	31	105	39	22	33	31	19	24	16	27
K09522	9	4	10	0	2	3	0	2	0	1
K11808	48	3	8	0	0	6	0	0	2	2
K10601	1	2	0	1	0	3	2	3	2	1
K10603	16	12	16	6	16	16	9	18	14	5
K10609	38	61	61	10	23	36	26	23	16	14
K01870	26	23	10	4	6	12	1	1	9	4
K01873	40	15	11	1	6	12	2	3	4	0
K01872	11	38	30	5	13	14	7	8	11	6
K01875	24	6	2	0	0	8	0	2	10	1
K01874	13	9	2	0	1	2	0	0	0	0
K01876	9	9	7	3	6	9	4	1	7	2
K15078	364	531	466	157	151	138	175	165	119	176
K10735	19	38	45	5	7	12	13	17	7	16
K06099	24	4	1	4	1	0	0	1	3	1
K10732	2	3	0	0	1	0	0	0	0	1
K10733	0	1	0	0	0	1	0	0	0	0
K00012	12	28	16	7	7	1	0	0	6	1
K10738	0	1	0	0	0	0	0	0	0	0
K10739	0	0	0	0	0	0	0	0	0	0
K15382	1	12	0	0	1	0	0	1	2	0
K04563	4	0	0	0	1	0	0	0	2	0
K10047	0	0	0	0	0	0	0	0	0	0
K09250	19	0	0	0	0	0	0	0	0	0
K08495	556	915	838	330	663	328	363	394	284	390
K04799	0	1	0	0	0	0	0	0	0	0
K04798	0	2	0	1	0	0	0	0	0	1
K08490	0	9	1	0	0	3	0	1	3	0
K08493	4	15	3	1	4	10	3	0	7	0
K02864	36	47	20	5	14	3	3	0	10	3
K08498	6	0	1	1	4	1	2	0	6	1
K04794	0	0	0	0	0	1	1	0	1	0
K17800	2	9	3	0	1	2	2	0	0	1
K00472	655	1337	1183	221	360	651	539	563	254	509
K00471	1	7	0	0	0	1	0	0	0	0
K01303	0	0	0	0	5	0	0	0	0	0
K09550	6	0	0	0	3	0	0	0	0	0
K00672	58938	32366	34024	20341	19424	62236	14975	14315	44489	18244
K04773	3	6	1	2	3	1	3	1	1	0
K05850	117	218	220	29	29	113	105	75	37	69
K05685	0	0	0	0	0	0	0	0	0	0
K00872	3	2	7	0	2	5	0	0	2	0
K00873	143	108	67	9	12	26	20	11	15	17
K04487	1	9	7	0	3	5	1	0	1	0
K04482	0	8	0	1	0	1	1	0	2	0
K15498	0	3	0	0	0	1	0	1	0	0
K02040	0	2	0	0	0	2	0	2	2	5
K04488	2	26	4	2	0	4	7	2	8	1
K01275	0	6	4	0	0	3	0	0	5	2
K15255	0	1	0	0	0	0	0	0	0	0
K11086	5	9	4	3	5	1	1	1	4	0
K01278	0	2	11	2	0	3	3	1	3	0
K01698	10	1	6	1	4	0	0	0	0	0
K01695	4	12	2	5	4	2	0	0	3	2
K01694	12	18	13	8	7	4	0	0	12	5
K01697	0	20	0	6	6	5	2	0	9	0
K01696	0	2	0	0	0	0	0	0	0	0
K01693	15	0	13	0	0	2	1	0	10	4
K00902	0	1	3	0	1	0	0	0	0	0
K00901	5	3	1	0	2	5	3	2	6	0
K01456	0	1	0	0	0	1	0	1	0	0
K13342	0	2	0	0	1	0	0	0	1	0
K14811	15	10	18	1	7	2	0	1	1	6
K14810	20	4	20	1	7	2	0	2	1	8
K14815	20	3	4	0	2	0	0	0	0	0
K14816	6	5	8	0	9	5	5	4	1	3
K14819	112	254	225	30	38	128	106	80	43	89
K08076	7	12	6	3	3	5	3	3	2	0
K13091	4	26	21	2	10	5	3	6	10	2
K13093	0	1	0	0	0	0	0	0	0	0
K13094	3259	4319	3152	1110	2696	1335	1277	1494	992	1812
K13095	2	14	1	1	0	2	0	0	0	0
K13099	9	31	36	2	3	9	8	8	3	11
K09515	24	31	45	13	26	10	10	19	24	14
K12948	4	4	0	0	0	0	0	0	1	0
K13412	50	60	47	12	45	28	12	15	40	19
K11786	8	25	16	8	10	16	14	11	7	1
K12947	13	1	0	0	0	0	0	0	0	0
K12946	2	4	1	1	0	1	0	1	0	0
K09518	2	9	7	2	7	4	3	4	0	0
K03439	10	1	2	1	1	1	0	2	0	1
K02437	7	4	0	0	0	0	0	0	4	2
K02433	0	2	0	0	0	0	0	0	1	0
K03921	6	19	20	6	9	14	5	7	16	3
K14721	3052	6540	4332	865	1032	2239	1965	2630	744	1764
K03217	11	9	10	2	2	0	2	1	5	0
K12386	6	34	19	2	13	5	7	3	0	8
K12385	2	3	9	5	7	13	5	3	11	5
K12389	0	8	1	0	0	0	0	0	1	0
K03687	3	9	0	0	2	3	0	1	3	0
K02348	1	3	1	0	2	2	0	1	3	0
K06158	5	7	0	0	0	1	1	0	1	0
K00510	0	9	3	1	1	4	1	0	2	4
K03696	14	7	1	4	4	10	0	4	19	4
K09478	0	19	3	0	0	5	0	1	6	0
K03327	13	6	5	0	9	9	4	1	5	3
K03322	2	10	2	0	2	0	0	0	0	0
K03321	0	2	0	0	0	0	0	0	0	0
K03320	9	13	6	0	3	4	3	1	4	0
K13960	0	0	3	0	0	0	0	0	0	0
K12169	9	26	3	2	13	7	4	4	9	1
K13963	16	17	27	6	22	30	11	12	41	14
K12160	0	3	0	0	0	3	0	0	0	0
K08818	1	1	1	0	0	0	0	0	0	0
K04802	27695	15869	23236	10343	16523	20238	10745	9344	12631	9959
K00366	28	54	62	9	29	15	12	8	16	24
K03108	142	272	269	40	60	155	125	99	47	110
K03107	29	31	118	7	18	51	32	39	26	32
K03106	6	2	4	1	1	4	0	1	3	0
K03105	2	2	0	0	2	2	1	1	0	0
K03100	0	2	1	1	0	0	0	0	0	0
K02949	1390	355	391	69	126	161	76	80	121	105
K07208	4	9	6	0	2	2	2	3	3	2
K11493	3	2	0	0	1	0	0	0	1	0
K06883	286	447	399	140	333	142	158	163	133	182
K11491	0	2	0	0	0	0	0	0	1	0
K06885	2	5	0	2	1	1	0	0	1	0
K07200	9	5	2	1	3	1	0	2	0	0
K11498	0	3	0	0	0	0	0	0	0	0
K07203	9	9	4	4	0	0	0	4	3	1
K07204	1864	2966	2196	963	1886	1440	1149	1474	750	1378
K09699	0	13	7	0	0	0	2	0	5	0
K12614	15	84	10	3	3	5	4	5	4	8
K11128	11	4	0	0	1	0	0	0	0	0
K12616	0	3	1	0	0	2	1	0	6	0
K12611	0	0	0	1	1	0	0	0	0	0
K12613	1	3	0	0	0	1	1	1	0	1
K12619	5	14	7	0	3	2	2	2	1	2
K12618	15	18	15	4	0	10	2	14	6	3
K00485	0	1	2	0	0	0	0	0	1	0
K00318	0	12	0	2	0	4	1	1	7	0
K00648	21	20	19	7	6	7	12	3	4	4
K07112	1	1	0	0	1	0	1	3	0	0
K08678	5	93	4	5	3	2	1	0	6	1
K08679	3	6	8	8	6	16	3	1	6	2
K00311	0	2	0	1	0	0	0	0	2	0
K00641	384	687	524	172	176	162	200	210	135	232
K00640	422	622	536	172	190	156	191	196	140	200
K10839	3	10	7	2	0	4	1	0	3	0
K07936	122	44	27	2	4	14	3	8	14	1
K07937	598	2024	212	137	113	190	162	98	181	108
K11836	3	3	0	0	0	0	3	1	0	0
K11838	0	2	3	3	5	3	0	0	4	1
K11839	78	94	97	41	82	53	45	51	44	45
K15332	13	2	6	0	2	1	0	0	1	0
K10610	68	127	155	28	52	96	80	76	23	42
K01845	152	48	37	37	12	10	2	3	8	2
K01847	0	5	1	0	0	3	2	1	0	0
K15335	9	1	14	0	3	1	0	1	0	2
K00001	0	3	0	0	0	0	0	0	0	0
K02469	4	1	1	0	2	1	0	0	0	0
K14839	6	3	5	0	1	0	0	0	3	0
K10728	1	11	5	4	7	2	0	2	6	1
K03635	1	3	3	0	0	0	1	0	0	0
Unknown	13647313	6262913	6186621	3238772	4896573	4831878	2982212	3242046	3113205	3191373
K03147	4	4	0	2	0	0	0	0	0	0
K00262	5	19	1	0	2	3	2	0	0	1
K08486	1	0	1	0	2	4	0	1	1	0
K00264	32	78	18	0	2	6	4	20	7	13
K08489	0	1	0	0	0	1	0	0	0	0
K00464	0	4	1	0	0	0	0	0	1	0
K01519	2	5	0	0	0	0	0	0	0	0
K01517	2	0	0	0	0	0	0	0	0	0
K01515	0	3	0	0	0	4	1	0	0	1
K01512	0	0	0	0	0	0	1	0	0	0
K00869	0	1	0	0	0	0	0	0	0	0
K00868	0	0	0	0	0	0	0	0	0	0
K13628	8	10	3	0	4	2	2	1	2	1
K00861	0	4	0	0	0	0	0	0	1	1
K00863	0	8	0	4	0	4	0	0	2	0
K04345	13	29	14	3	7	8	3	2	9	3
K01190	666	1081	735	227	600	280	288	389	228	446
K01201	7	4	4	1	2	7	6	4	1	6
K05768	0	1	0	0	1	1	0	0	3	0
K05765	0	8	0	2	0	3	1	0	2	1
K05766	0	2	0	0	0	3	0	2	0	0
K00914	3	3	0	1	1	0	2	0	2	0
K00910	4	5	4	1	2	1	0	0	1	0
K00913	2	4	1	0	5	3	0	0	5	1
K01423	0	2	0	0	0	0	0	0	0	0
K01427	2	7	2	0	0	4	1	2	3	1
K14833	21	2	8	0	1	3	1	3	1	0
K14846	20	1	16	0	2	3	1	2	0	0
K14538	43	10	30	0	11	6	3	5	9	4
K14539	13	9	18	0	3	2	0	3	2	3
K14536	6	2	1	1	0	0	0	2	1	1
K14537	12	12	9	0	8	5	1	3	3	5
K14535	11	2	5	0	0	0	0	0	0	0
K08065	139	213	244	63	97	165	135	121	48	57
K14821	5	21	3	0	1	1	1	1	1	3
K14823	9	1	16	0	7	1	1	1	0	2
K03595	87	134	117	35	48	29	41	29	25	34
K03596	12	4	11	4	7	4	3	0	4	5
K02518	6	3	3	0	3	7	1	2	1	0
K02516	24	7	14	0	12	3	1	0	2	3
K01736	28	16	10	0	6	0	2	0	4	1
K01737	3	1	1	0	0	1	0	0	0	1
K01734	14	58	2	3	3	7	6	5	10	3
K01735	6	8	10	3	9	9	0	2	15	1
K01733	5	7	8	1	6	3	1	3	3	0
K01738	3	1	3	0	3	1	0	0	2	0
K16914	7	0	2	0	2	0	0	0	0	2
K09500	3	2	0	0	2	0	0	0	0	0
K09503	33	57	16	3	1	15	4	4	9	8
K16911	26	19	16	3	2	7	1	2	6	0
K14753	575	152	124	17	65	57	17	22	32	42
K05349	13	26	7	3	9	22	4	18	8	25
K03773	0	8	3	2	0	1	0	1	1	1
K12373	6	6	1	0	1	0	1	2	1	0
K02358	687	60	49	8	51	36	3	6	32	11
K02355	277	146	182	77	211	179	29	26	129	35
K02357	29	59	20	4	28	19	7	2	9	2
K02356	17	1	4	1	2	3	0	0	0	0
K10808	6	4	3	5	2	0	3	1	1	0
K03353	1	1	0	3	0	1	0	0	5	3
K03350	0	4	0	0	0	6	0	0	1	0
K03357	1	2	1	1	0	1	0	0	0	0
K03355	6	3	1	0	0	0	0	0	0	1
K13979	0	0	0	0	0	0	0	0	0	0
K03178	8	14	3	0	2	4	1	0	0	1
K07897	1	1	1	0	1	1	2	1	1	3
K03177	3	1	4	1	0	3	0	0	0	0
K15171	2	2	0	1	0	1	0	0	1	0
K16671	5	13	1	0	1	0	3	1	1	4
K15172	17	14	13	1	6	2	3	2	4	2
K17279	0	62	12	11	1	4	2	1	14	2
K12571	14	18	14	9	9	3	6	2	5	5
K12572	0	6	0	0	0	1	0	0	5	0
K17506	1	5	1	3	0	0	0	0	0	0
K17500	6	6	6	4	4	4	4	4	4	5
K16056	2746	5092	3236	2020	2395	1961	1637	2013	861	1985
K16055	12	30	10	7	5	13	2	1	12	1
K03006	4	30	8	0	0	6	1	3	6	2
K03007	13	1	4	0	1	2	0	0	2	0
K03004	0	2	0	0	0	0	0	0	0	0
K03005	7	3	4	0	0	0	0	2	2	0
K03002	71	93	78	17	48	36	32	55	27	55
K15178	10	6	3	3	0	3	3	2	0	1
K12598	24	7	12	0	3	1	0	0	3	1
K12599	0	6	0	0	0	0	1	0	0	0
K12402	0	5	1	0	0	0	0	0	0	2
K02739	0	15	2	0	0	4	2	3	0	2
K06180	0	3	1	0	0	0	0	0	0	0
K02738	0	12	2	0	1	3	0	5	4	0
K06184	11	7	4	0	0	8	0	1	3	0
K06185	76	41	23	0	13	9	3	2	9	4
K11717	0	1	0	0	1	0	0	1	0	0
K06639	180	336	532	76	72	271	183	164	102	188
K06636	3	5	1	0	0	1	2	0	0	0
K02980	39	19	7	1	6	0	0	1	1	3
K06633	13	12	30	10	15	17	9	10	21	12
K06630	207	313	79	44	33	49	39	52	62	36
K06631	0	0	0	0	0	2	0	0	0	0
K15429	2	1	0	0	0	0	0	0	1	0
K02635	178	19	58	41	54	40	10	5	52	14
K12620	2	1	1	0	1	0	0	0	1	2
K12621	482	827	581	258	516	372	293	398	204	372
K12622	1	1	0	0	0	0	0	0	0	0
K12623	21	30	21	8	28	13	6	9	8	21
K12624	3	3	2	0	0	0	0	0	2	0
K12625	0	1	0	0	1	0	0	0	0	0
K12626	5	1	0	0	0	0	0	0	0	0
K12627	0	2	0	0	0	0	0	0	2	1
K11131	35	2	16	0	2	1	0	1	0	3
K11130	10	3	0	0	4	0	0	0	2	0
K11135	1	2	9	0	0	1	0	3	2	0
K14831	15	1	16	0	1	2	0	2	0	1
K10842	0	1	0	0	0	0	1	0	2	0
K10843	2	8	0	0	0	0	2	2	1	1
K02730	1	25	4	1	6	5	1	0	2	1
K10847	4	1	2	0	1	1	0	0	0	0
K10844	3	3	1	0	2	3	2	0	2	0
K10845	0	1	0	0	0	1	0	0	1	0
K00670	818	1509	1170	286	626	569	497	588	309	531
K14521	2458	3746	2649	850	2047	1164	995	1227	740	1355
K10848	4	7	25	8	22	9	11	3	12	4
K02989	704	225	239	24	43	95	47	56	53	68
K10534	12	44	62	1	24	33	26	29	31	35
K11827	1	3	0	1	0	0	0	1	0	0
K11826	10	3	0	1	0	3	1	0	2	0
K14834	12	3	19	0	5	3	3	0	4	1
K03039	2	10	0	0	0	0	0	1	0	0
K10661	0	6	1	1	3	1	3	0	7	0
K01858	1	5	0	1	3	1	2	1	0	1
K00586	4	2	2	0	0	0	0	1	0	1
K15015	15	1	7	0	1	1	5	1	3	3
K00588	0	0	2	0	0	3	0	0	5	1
K01850	1	2	2	0	0	0	0	0	1	0
K01855	0	2	0	0	0	0	0	2	1	3
K01854	4	1	0	0	0	0	0	0	0	0
K00077	18	35	24	6	9	8	17	7	9	9
K00078	0	5	1	2	2	1	0	0	1	1
K00297	5	6	7	3	0	1	0	1	1	0
K00294	1	7	1	2	1	2	1	0	1	0
K00295	18	2	7	0	2	0	1	2	3	1
K03019	5	2	2	0	1	1	1	1	0	0
K00451	0	2	0	0	0	0	0	0	1	0
K00456	0	7	0	2	0	1	0	0	1	0
K00106	0	11	6	1	1	0	0	0	2	1
K00107	60	37	23	19	21	20	7	8	26	14
K00103	0	0	2	0	0	0	0	0	0	0
K00854	7	11	9	2	7	8	2	4	3	1
K00855	84	127	210	218	106	59	13	11	52	9
K00856	10	12	0	0	0	0	0	0	2	0
K00850	0	9	0	0	0	1	0	2	1	0
K01507	422	124	90	60	40	25	7	11	26	7
K01506	146	194	228	75	172	78	91	107	81	86
K00858	3	15	6	1	3	1	2	0	2	5
K00859	0	1	0	0	0	0	2	1	1	1
K01183	1231	2050	1536	677	1169	722	724	776	414	784
K01641	0	4	0	0	0	0	0	0	2	0
K15423	6	8	6	3	1	3	5	3	3	0
K01188	2	1	2	0	1	2	0	0	1	1
K15728	31	53	50	25	27	20	20	33	18	15
K01210	5	5	0	2	1	1	0	0	0	0
K15900	1	0	0	1	0	1	0	0	0	0
K18041	0	6	0	0	0	3	0	0	3	0
K00924	7	36	17	10	25	15	18	6	21	5
K00927	1026	779	3232	8037	3356	685	287	285	408	285
K00928	6	28	17	0	0	1	6	0	3	0
K01437	4	12	1	3	5	1	2	1	1	3
K08057	3	9	5	1	2	6	3	5	0	1
K05539	27	44	45	11	15	12	21	10	11	21
K02984	1049	205	448	82	184	154	109	79	133	129
K02985	10517	1953	1555	113	174	428	246	302	385	360
K02986	7	0	1	0	1	1	0	0	1	0
K14838	20	1	5	0	2	1	1	0	1	1
K08292	0	0	0	0	0	0	0	0	0	0
K02981	4836	894	817	48	125	196	114	156	156	183
K14299	0	2	0	0	0	0	0	0	0	0
K02983	1133	301	160	22	27	51	16	25	51	29
K14297	8	17	3	2	3	1	0	0	1	0
K14832	16	6	14	0	4	0	2	2	0	3
K02638	2	0	1	0	0	0	0	0	0	0
K02639	250	438	163	66	212	186	20	20	124	22
K14837	10	1	7	0	3	0	0	0	0	3
K14292	2	0	0	0	1	2	0	0	0	0
K14835	19	9	18	0	4	0	0	4	0	2
K14290	9	14	5	0	5	1	1	1	2	3
K02291	5	5	2	1	0	1	1	2	2	0
K02293	26	35	23	11	30	10	9	1	11	10
K01725	0	1	0	1	0	0	0	0	0	0
K01724	0	1	0	0	0	2	0	0	0	0
K14824	6	2	10	0	7	4	2	2	0	1
K09539	4	0	2	0	0	0	0	0	1	1
K02947	576	135	108	6	13	9	16	7	15	25
K18192	4	2	2	0	0	0	0	0	2	0
K02183	936	987	1804	423	510	1370	975	1309	515	1175
K02366	4	2	2	2	2	3	3	10	0	3
K02367	0	1	0	1	1	0	0	0	1	0
K13181	13	5	14	1	8	4	1	3	0	5
K03762	2	4	0	2	0	0	0	0	1	0
K09458	1	3	3	2	5	0	0	0	0	0
K17081	22	5	7	0	3	6	0	0	2	0
K13509	0	0	0	0	0	0	0	0	0	0
K17087	4	20	2	2	3	3	0	0	8	7
K17086	21	108	22	10	8	14	6	10	16	10
K03347	22	64	14	4	4	33	4	4	17	8
K13507	0	7	0	0	0	1	3	2	1	0
K08876	2	10	1	0	0	0	2	4	4	0
K08874	2	8	3	4	3	3	1	0	1	0
K13989	0	10	1	1	0	1	1	0	1	0
K04797	4	3	0	0	0	0	0	1	0	0
K13184	64	127	157	32	59	102	83	64	24	45
K03163	5	5	2	2	0	0	2	1	1	0
K03165	2	2	2	2	0	0	0	0	1	0
K03164	1	1	1	2	0	0	0	0	0	0
K11927	0	1	0	0	0	1	0	1	0	1
K13210	7	23	3	0	0	0	1	2	3	1
K17268	0	11	0	0	2	2	2	0	2	1
K17267	5	28	4	1	1	7	6	1	4	0
K17263	1	13	0	1	0	2	2	0	1	3
K12032	61	139	122	17	21	70	47	31	25	43
K02369	0	3	3	1	0	1	1	0	0	1
K12585	5	5	3	0	4	1	0	1	0	0
K03014	57	23	7	2	0	3	0	1	1	0
K03017	0	4	0	0	1	0	0	0	0	0
K03016	435	663	451	234	301	249	221	256	95	255
K12581	3	9	2	2	0	4	0	4	2	1
K03010	5	2	3	1	1	3	2	2	3	0
K08908	0	8	0	0	25	35	7	2	60	12
K03012	6	4	0	0	0	0	0	1	0	3
K08906	67	76	76	92	44	55	12	19	59	6
K08907	12	16	12	15	3	3	0	1	0	1
K08902	24	10	9	5	10	4	0	1	4	0
K08903	5	1	3	0	7	2	0	0	3	0
K08901	127	189	73	43	10	3	9	6	1	3
K11728	0	5	0	0	0	0	0	1	0	0
K06628	3	0	0	0	0	0	0	1	0	0
K11722	0	2	0	0	0	0	0	0	0	1
K11450	3	7	1	1	3	5	3	2	4	8
K11108	8	1	5	0	1	2	0	0	0	1
K06997	2	6	2	0	0	0	0	0	0	2
K07466	59	99	75	26	44	81	65	95	36	105
K10523	3	10	4	2	7	2	2	2	6	1
K10529	1	25	0	1	0	5	0	1	4	0
K06443	0	4	0	1	0	2	0	0	0	0
K11583	80	108	294	37	50	136	79	96	76	78
K07910	0	2	0	4	1	2	0	0	4	1
K15004	1	1	4	0	0	1	0	0	0	0
K00599	2	4	1	0	3	0	1	3	1	0
K01115	12805	17277	12525	5595	10973	7725	6236	9235	4539	8190
K00061	1	0	0	1	0	0	0	0	0	0
K08727	1	8	0	0	0	4	1	1	4	0
K07002	0	1	1	0	0	2	0	0	0	0
K08269	3	12	0	0	0	1	2	2	6	0
K08262	12	14	4	7	13	16	1	6	8	0
K00284	111	44	82	2	34	10	10	12	12	26
K00286	3	0	2	0	0	0	0	0	0	0
K00281	0	26	6	1	3	18	2	6	24	2
K00111	1	2	2	1	0	1	0	1	2	5
K00441	2	10	5	0	11	4	2	1	4	7
K00847	1	2	4	0	2	1	1	0	1	1
K00845	0	4	0	0	0	0	0	1	0	0
K00849	0	0	0	0	0	4	0	0	0	0
K01534	19	20	13	1	5	9	6	2	15	7
K01537	34	22	8	1	1	5	3	1	5	6
K14558	15	8	13	0	4	1	0	1	2	2
K14191	8	6	9	0	6	1	1	1	4	7
K14652	2	12	7	0	3	3	0	2	0	0
K15731	2	11	1	2	1	2	1	1	0	0
K17868	0	2	0	0	0	0	0	0	0	0
K01880	16	5	5	0	4	2	0	0	0	1
K01881	29	15	9	2	12	2	2	1	1	6
K11279	7	4	10	0	4	2	1	0	2	1
K01885	8	9	8	6	3	1	1	1	7	3
K01886	24	1	2	0	2	4	0	0	0	1
K01887	15	12	15	1	3	7	6	3	3	1
K01889	15	7	1	0	1	1	1	2	2	0
K15223	233	485	312	98	252	116	120	158	85	149
K08592	0	2	0	0	1	0	0	0	1	0
K08596	4	4	2	0	4	1	0	0	1	4
K01404	0	7	2	0	0	2	3	1	3	4
K14997	2	7	0	0	1	0	0	2	0	0
K01408	0	5	0	0	0	0	0	0	0	0
K01409	2	3	3	0	0	0	0	0	0	0
K00939	1445	2415	1763	784	1526	1183	919	1133	544	1054
K10483	0	3	1	1	0	1	0	0	0	0
K00934	0	0	1	0	0	0	0	0	1	0
K00933	1	6	4	1	4	1	0	0	3	2
K00930	402	657	496	202	395	309	268	312	174	330
K05522	0	4	0	1	1	1	1	2	1	0
K02993	1055	156	215	12	30	50	24	32	52	23
K02991	195	118	62	6	38	16	9	9	4	10
K03009	6	8	2	0	2	2	1	0	2	0
K02996	4	3	1	0	0	1	0	0	0	0
K02995	123	109	34	2	31	13	5	8	6	9
K01081	0	2	0	0	0	0	0	0	0	0
K01082	0	1	0	1	0	0	0	0	2	0
K02998	161	64	76	4	29	17	15	13	15	16
K06118	9	14	5	0	0	3	0	0	0	0
K03574	1	4	1	1	0	0	0	0	2	0
K02575	164	57	62	13	28	22	11	11	7	25
K01711	56	162	51	15	23	23	13	9	38	13
K14775	32	5	17	0	7	1	0	1	1	0
K13179	16	4	13	0	13	2	3	3	2	0
K14777	8	8	13	0	9	1	1	1	3	2
K03977	7	5	3	0	1	1	1	0	0	0
K14772	23	3	13	0	14	0	1	0	1	0
K14773	0	1	3	0	1	1	1	0	1	0
K09527	5	5	6	1	0	5	0	1	3	0
K03978	2	2	0	0	0	0	0	1	0	1
K09523	4	6	4	1	2	4	0	1	2	1
K14779	22	25	20	6	15	10	18	4	8	10
K18183	2	1	0	0	0	0	0	0	0	0
K02372	7	2	0	1	3	0	0	0	0	0
K02377	10	134	10	4	5	3	0	5	2	0
K04507	1	3	1	0	0	0	0	1	0	0
K13199	63	23	6	1	1	2	2	1	2	1
K03715	1945	3051	2411	813	1857	1037	1047	1123	792	1230
K09420	10	23	17	8	15	8	9	9	11	8
K01025	0	1	0	0	0	1	0	0	0	1
K17679	3	2	0	0	0	1	0	0	0	0
K12828	5	6	6	0	3	1	0	2	0	0
K12829	3	3	0	0	0	1	0	1	1	0
K12827	2	10	4	0	0	2	0	0	2	0
K12825	0	7	2	0	0	2	1	0	2	1
K12823	56	44	40	4	18	10	5	7	13	8
K12820	2	5	17	0	3	7	1	0	7	2
K03809	4	12	3	2	1	0	1	0	2	2
K13510	0	1	0	0	0	0	0	0	0	0
K03372	0	2	0	0	0	1	0	0	0	0
K03801	1	14	0	1	0	1	0	0	1	0
K03626	58	25	15	0	2	2	1	2	2	3
K03627	1	11	0	1	1	4	0	1	2	0
K08864	0	10	0	2	0	2	0	2	0	0
K08867	173	240	636	80	76	262	169	209	146	184
K08869	752	1305	1246	307	521	643	566	558	319	551
K13993	0	0	0	0	0	0	0	0	0	0
K06058	0	8	7	1	0	4	4	2	1	0
K13207	7	20	2	1	1	0	2	0	1	0
K13206	4	0	0	0	0	0	0	0	0	0
K09565	0	6	0	4	1	0	1	1	1	2
K03020	10	9	8	0	0	5	0	1	0	3
K03021	37	35	41	6	17	21	9	14	11	5
K03022	4	1	1	1	1	0	3	0	0	2
K03023	5	2	1	0	0	0	0	1	0	0
K03025	0	2	1	0	1	0	0	0	0	0
K03027	7	5	4	0	1	1	1	0	8	0
K03028	9	20	1	0	1	7	2	2	4	2
K03029	0	3	1	0	2	3	0	1	1	0
K08916	4	9	3	12	8	6	0	2	9	1
K08910	40	64	15	9	1	8	6	1	5	0
K11446	4	3	1	0	0	0	0	0	0	1
K06875	14	22	23	10	12	8	10	9	12	19
K16329	0	0	0	0	0	1	0	0	1	0
K00611	4	2	3	0	0	0	0	0	0	0
K00616	1	5	2	0	2	1	0	1	0	8
K00615	3703	3581	1627	849	432	269	106	147	360	107
K11594	4	22	9	2	3	6	3	1	5	1
K11592	0	2	0	0	0	2	0	0	0	0
K10865	0	2	0	0	0	1	0	0	0	0
K11599	1	5	1	3	1	0	1	5	5	0
K11840	8	27	10	4	4	7	4	4	11	2
K11843	1	13	0	1	1	0	0	0	1	1
K07904	8	18	1	3	1	9	1	0	2	0
K07497	0	0	0	0	0	0	0	0	0	0
K10885	0	1	0	0	0	0	0	0	0	0
K16186	2	13	3	0	2	11	1	2	10	0
K11209	0	6	3	0	0	0	0	0	0	0
K11204	5	30	9	2	1	3	2	3	6	4
K15030	20	3	6	0	1	1	1	2	1	1
K15032	3	20	4	1	0	2	1	0	1	1
K15033	3	2	4	0	1	0	0	1	0	1
K08737	0	5	0	1	0	0	0	1	2	0
K00058	39	5	0	0	2	0	0	0	0	2
K00059	1	1	1	2	1	0	0	0	0	0
K00729	2	1	0	0	1	0	0	0	0	0
K00726	0	4	0	0	0	0	1	0	0	0
K00057	0	5	0	0	0	0	0	0	0	0
K08738	64	46	21	2	15	5	3	5	8	2
K00052	19	9	2	2	1	1	0	1	0	2
K00721	2	3	9	3	7	2	3	1	2	1
K07019	1	2	1	0	0	0	1	0	1	1
K07874	200	109	61	70	109	95	64	55	127	35
K11308	124	259	154	52	55	47	59	44	45	51
K01057	0	6	1	1	2	2	0	0	0	1
K07015	0	2	0	1	2	3	0	0	0	0
K17985	20	38	30	13	8	4	18	6	7	6
K10085	0	9	5	0	1	0	2	2	0	0
K10249	8	2	1	0	1	0	0	2	0	0
K03015	2	4	2	0	0	1	0	0	1	0
K15100	58	78	93	33	59	41	44	44	32	45
K15102	162	188	67	14	17	68	15	10	16	8
K15103	0	8	4	1	0	9	0	0	4	1
K15104	16	3	7	0	3	5	2	0	1	1
K15105	0	43	2	3	4	3	2	6	9	2
K08496	0	3	0	1	0	0	0	0	0	1
K12586	0	1	2	0	0	0	0	0	0	0
K10643	0	5	2	0	4	0	0	0	0	0
K00432	4	14	0	4	0	0	1	1	2	0
K03011	1	2	1	0	0	0	0	0	0	0
K00434	4712	2667	4369	1818	2826	3355	1624	1509	2130	1944
K12580	6	19	12	4	8	2	2	2	1	0
K03013	9	4	1	0	0	0	0	0	2	0
K15216	1135	2106	1681	516	928	1066	835	948	460	927
K12589	2	0	0	0	0	1	0	0	0	0
K14347	858	1315	1012	315	361	347	457	402	242	420
K14610	2	3	0	0	1	0	0	1	1	3
K14617	6	3	0	0	2	3	1	1	2	0
K03018	5	12	8	0	1	1	0	3	3	0
K00545	288	489	456	176	382	187	219	207	138	208
K04608	0	1	0	0	0	0	0	0	1	1
K01899	7	2	11	0	0	2	0	1	1	6
K01897	14	73	20	11	9	21	3	6	12	7
K01895	13	10	4	0	0	0	1	0	0	0
K01230	3	12	1	0	2	1	0	0	3	0
K01893	18	18	12	2	5	9	1	0	17	2
K01892	14	7	7	1	11	8	2	7	12	0
K00548	29	47	12	5	12	3	2	3	4	1
K01890	12	3	5	1	1	1	0	0	1	0
K01412	15	6	1	1	2	0	0	0	0	0
K01410	4	1	3	0	1	0	1	0	0	0
K09935	0	1	0	1	0	0	0	1	0	0
K01419	0	1	0	0	0	0	0	0	0	1
K01148	41	140	79	6	30	10	35	59	18	51
K00948	55	10	14	0	5	4	6	5	3	1
K00942	3	10	6	3	5	1	4	1	0	1
K00943	0	2	0	0	0	0	0	0	0	0
K00940	58	24	2	6	8	9	4	1	4	2
K00944	0	3	0	2	2	0	0	0	0	0
K12862	3	1	4	3	1	0	0	2	1	1
K01092	0	5	0	0	2	5	0	0	0	0
K01090	8	33	3	1	1	5	2	6	5	4
K01099	94	66	65	14	34	19	16	23	18	19
K01527	116	69	24	4	10	2	2	0	7	2
K15362	0	2	2	1	0	3	0	0	0	0
K01623	0	0	0	0	0	0	0	0	0	0
K05610	106	70	169	56	69	46	61	58	61	47
K01520	0	7	0	6	0	0	0	0	3	0
K02966	144	61	90	8	13	11	8	18	25	17
K02967	22	2	3	3	3	1	0	0	5	1
K02964	2218	294	508	57	140	137	112	100	152	109
K02962	21166	11322	16476	7257	11560	14353	7386	6415	8868	7032
K02960	43	24	18	3	6	21	16	13	5	12
K01626	46	27	16	1	0	2	3	2	4	0
K03564	3	31	6	1	2	3	2	2	9	4
K12900	3	7	13	1	0	7	4	4	4	0
K01702	90	26	19	1	7	17	4	6	7	6
K03963	6	5	0	0	0	0	2	0	0	0
K02132	2026	1103	1546	1152	1189	880	592	637	1412	593
K03965	2	8	3	4	1	0	1	4	1	2
K14766	87	157	270	26	41	128	94	84	53	112
K14765	5	3	2	0	4	1	0	0	0	1
K03969	1	11	1	5	3	6	5	0	11	3
K09553	6	11	0	0	0	0	0	1	1	0
K14769	326	503	366	180	241	204	178	228	82	190
K14768	7	4	4	0	1	1	0	0	3	1
K09554	0	2	0	0	0	0	0	2	0	0
K13348	293	250	45	24	8	15	11	14	21	15
K08142	1	22	2	1	2	3	0	1	0	0
K05460	0	0	0	0	0	0	0	0	1	0
K13697	0	21	1	0	0	1	0	0	3	0
K01256	6	11	1	0	1	3	0	1	2	0
K03704	39	19	5	1	1	4	6	0	2	1
K02144	15	30	12	3	1	5	3	2	3	0
K02145	40	193	72	36	43	41	41	50	64	72
K02146	9	39	3	1	0	1	4	0	3	0
K02147	32	81	7	8	7	7	3	7	8	7
K02148	12	96	5	5	0	3	1	1	3	0
K02149	7	8	2	2	1	4	2	0	1	1
K03495	4	7	6	2	2	4	1	2	4	1
K13411	0	4	0	0	0	2	0	0	6	0
K13525	39	196	29	19	18	36	15	9	40	13
K12839	145	310	279	54	60	150	122	113	60	118
K12835	8	26	4	2	0	4	0	1	5	3
K12834	8	13	9	6	13	5	7	7	4	7
K12837	5	4	1	1	4	0	1	0	0	0
K12836	4	5	0	0	0	0	0	0	2	0
K12831	0	0	0	0	0	1	0	0	0	0
K12830	0	12	6	1	2	0	0	0	0	0
K12833	2	4	1	1	2	2	0	2	0	0
K12832	4	1	1	1	2	0	0	1	3	1
K02541	1	9	2	3	0	0	0	0	2	1
K02542	0	4	0	0	0	2	0	0	2	0
K02543	0	0	0	0	0	0	0	0	0	0
K17065	0	5	0	0	0	0	0	0	0	0
K03364	2	13	3	1	3	1	1	1	0	0
K03143	0	3	0	0	0	0	0	0	1	0
K03142	0	1	2	0	0	0	0	0	1	0
K03141	2	4	6	1	3	4	4	5	3	2
K17686	0	6	2	2	2	10	1	5	11	1
K17681	20	0	9	0	1	7	1	2	5	3
K03145	0	6	1	0	0	0	0	1	2	1
K03144	0	3	0	2	4	0	0	0	2	0
K08856	230	472	446	75	83	264	201	179	82	185
K03639	0	1	14	0	1	3	3	3	5	6
K08851	95	214	210	36	41	96	87	64	46	75
K08852	296	464	377	115	124	109	131	143	91	145
K06969	6	0	1	0	0	0	0	0	0	0
K06287	2	2	1	0	0	0	0	0	1	1
K11519	3	1	1	0	2	0	0	0	0	0
K12347	0	1	0	0	0	0	0	0	0	0
K13237	7	3	0	0	0	0	0	0	0	0
K13238	0	0	0	0	0	2	0	0	0	0
K13830	1	5	1	2	1	0	0	0	0	0
K03038	0	15	0	2	2	0	1	1	0	0
K03037	0	10	1	1	1	0	0	1	6	0
K03036	0	7	0	0	1	0	0	0	1	2
K03035	0	14	0	1	1	1	0	0	3	0
K03033	0	7	2	0	1	0	1	1	2	0
K03032	1	12	1	2	0	1	0	0	2	1
K03031	1	7	0	1	0	0	1	1	0	0
K03030	3	7	0	0	0	3	2	0	2	2
K12122	1188	2131	1737	609	1283	778	765	813	571	863
K17339	43	121	104	15	18	51	32	33	18	37
K06867	3	58	11	8	4	43	4	5	23	5
K06862	822	474	518	313	316	882	252	228	572	269
K14298	7	4	0	0	2	0	0	0	0	2
K00600	53	28	34	1	10	16	5	7	16	6
K00602	23	11	13	0	1	0	0	0	1	0
K00605	0	5	0	2	0	2	0	0	0	0
K00604	2	0	0	0	0	0	0	0	0	0
K00606	0	2	0	0	0	0	0	0	0	0
K12657	16	5	2	1	0	0	0	1	0	0
K10878	6	10	0	2	4	4	3	4	2	4
K10870	0	1	0	0	0	0	0	0	1	0
K10875	25224	14428	21418	9614	15187	18514	9909	8585	11754	9245
K07393	0	2	0	1	0	0	0	0	1	0
K07390	27	11	6	4	13	7	0	2	10	0
K06269	48	88	44	24	24	30	11	17	25	10
K10899	0	2	0	0	0	0	0	0	0	0
K15029	26	9	5	0	7	1	3	2	0	1
K15028	12	3	3	0	2	1	1	1	3	2
K11270	0	1	0	0	0	0	0	0	0	0
K15026	9	3	3	1	3	5	0	2	5	0
K11274	21	19	31	2	11	18	13	12	5	7
K11275	94	78	27	20	2	16	3	6	21	5
K00049	1	0	0	0	0	0	0	0	0	0
K07023	1	6	0	0	0	0	0	0	5	0
K04634	12	27	2	7	1	10	5	4	4	7
K00737	0	1	0	1	0	1	0	0	1	0
K00731	2	3	1	0	0	0	0	1	0	0
K07808	2	2	0	1	0	0	1	0	0	0
K07809	0	5	1	0	2	1	1	1	0	0
K15116	7	0	2	0	0	1	0	0	0	0
K15113	41	57	30	7	14	23	17	21	7	16
K15111	0	2	0	0	0	0	0	0	0	0
K02987	2836	575	635	54	153	161	88	99	189	149
K10257	3	3	8	3	2	4	5	2	1	3
K10256	21	135	40	32	24	69	25	19	52	14
K10251	7	0	0	1	0	0	0	0	0	0
K00134	6187	5704	5479	6177	2602	1666	483	552	1389	440
K14293	21	19	6	2	0	5	1	1	2	3
K01958	95	33	29	1	7	3	2	5	1	8
K01952	34	6	8	0	2	0	0	1	0	0
K01953	32	8	12	0	9	4	5	2	2	2
K01950	6	5	3	1	1	1	1	0	3	0
K01951	43	4	22	2	0	4	0	0	0	5
K00428	1	4	1	0	0	0	0	0	0	0
K07735	63	12	15	11	6	5	6	3	4	6
K07739	4	15	6	0	1	5	1	7	4	6
K00423	0	0	0	0	0	0	0	0	0	0
K15687	321	327	337	72	141	157	69	147	52	120
K11584	10	28	11	2	3	5	2	0	4	5
K04382	33	54	19	5	1	3	1	2	12	1
K14376	8	3	3	0	0	0	0	1	2	0
K00555	2	1	1	0	0	1	0	0	0	0
K00559	3	7	0	0	1	2	2	0	1	0
K00558	24	38	30	14	7	8	25	8	8	9
K15979	4	5	0	0	0	1	2	0	1	3
K09313	372	603	613	241	498	249	278	273	204	267
K00958	84	47	26	15	13	14	1	1	3	2
K13750	1	0	1	0	0	1	0	0	0	0
K13755	1	5	1	0	0	0	0	0	0	0
K13754	5	10	0	1	0	0	0	0	1	1
K14572	45	15	3	0	0	3	0	2	1	0
K14573	18	14	14	1	5	2	2	4	1	0
K14570	19	10	10	0	3	1	0	2	1	0
K14571	97	175	139	45	86	46	41	52	30	47
K14574	7	3	24	5	6	5	3	1	9	5
K01551	23	16	4	1	4	2	1	1	9	5
K02979	74	38	33	2	6	4	6	2	6	6
K05658	16	123	30	11	12	38	10	4	35	6
K01555	36	64	65	10	17	33	25	31	10	22
K02975	2968	426	5870	1929	3572	2097	1797	1959	3606	2161
K02974	117	47	34	5	13	10	3	3	6	2
K02977	1909	758	911	404	390	500	461	508	381	507
K02976	104	65	32	5	10	12	4	8	8	14
K02971	50	33	13	0	5	4	3	0	2	7
K02973	2451	582	800	186	276	351	217	200	262	253
K03553	0	5	1	0	0	0	0	0	0	0
K01778	14	28	7	4	5	12	4	10	6	10
K01772	2	4	1	0	3	0	0	1	1	0
K01770	3	2	0	0	1	0	0	0	0	0
K09549	31	51	35	14	19	28	14	21	13	18
K13354	75	84	81	29	29	33	26	50	29	33
K14798	10	8	6	0	5	2	2	0	5	2
K14799	28	3	16	0	8	3	0	1	5	3
K09540	26	34	8	2	9	4	0	1	0	0
K14794	14	11	14	0	9	2	0	3	4	1
K03950	3	7	0	1	0	1	2	3	1	0
K14793	1	0	13	0	2	1	0	7	0	0
K03953	1	16	7	0	5	2	4	0	3	0
K14152	3	2	1	0	1	0	1	0	0	0
K14407	0	4	0	0	1	0	0	0	0	0
K14404	1320	2177	2003	713	1508	812	856	919	672	962
K14402	0	4	2	1	1	0	1	0	1	1
K14403	0	3	1	0	0	1	0	0	0	0
K14400	0	1	0	0	0	0	0	0	0	0
K14401	0	3	1	2	0	1	0	0	1	2
K16833	69	93	64	42	61	47	47	43	37	41
K01601	10278	304	1190	1300	970	502	149	127	444	143
K02156	6	8	0	1	2	3	0	0	3	0
K02155	171	195	44	36	16	24	11	11	17	3
K02154	16	22	10	6	4	7	1	4	6	2
K02152	3	13	0	3	0	0	1	0	0	0
K02151	7	20	1	0	0	0	0	1	0	2
K02150	16	76	5	11	3	5	0	5	1	5
K02988	1	1	1	0	0	2	0	2	0	2
K13535	12	26	21	4	4	6	8	8	6	2
K13539	0	0	0	0	0	1	1	0	1	5
K08956	8	6	4	2	12	7	3	0	2	12
K02553	8366	4559	7152	3288	5129	6143	3154	2732	3882	3046
K02551	35021	44664	32733	14723	29001	19655	16853	23907	11922	22302
K02978	79	39	20	3	9	7	10	7	13	5
K02603	115	219	172	61	59	56	71	54	45	59
K05657	0	2	0	0	0	0	0	0	0	0
K08819	9	25	6	1	5	3	0	1	5	1
K06072	3	1	0	0	2	0	0	0	0	0
K15371	280	668	512	94	119	294	233	231	106	227
K13220	0	1	0	0	0	0	0	0	0	0
K12798	11	7	8	5	2	4	1	0	7	1
K11858	334	551	475	174	404	140	178	213	178	204
K11684	318	571	691	135	250	361	272	319	155	205
K12795	1	10	3	0	1	5	0	1	5	2
K07252	166	325	238	94	176	119	116	135	64	148
K03040	29039	18340	17211	11159	10416	35223	7873	7976	20064	9354
K06672	35	33	51	9	20	24	21	25	6	14
K06670	2	8	0	1	3	0	0	0	1	0
K06671	0	5	3	2	1	0	0	0	1	0
K06676	0	6	0	1	0	1	0	0	0	1
K06677	0	3	0	0	0	0	0	0	0	0
K06674	0	5	3	1	0	0	0	0	0	0
K06675	0	3	0	0	0	0	0	0	0	0
K06678	1	8	0	0	0	0	0	0	0	0
K17301	12	13	1	2	4	3	0	2	3	5
K17302	0	9	3	3	2	0	0	0	5	1
K12489	4	4	0	2	0	2	0	0	0	0
K12486	3	10	2	1	0	0	0	1	2	0
K12483	6	19	0	3	0	1	0	1	1	0
K12662	1	3	0	0	0	0	0	0	0	0
K16302	8	29	15	6	8	19	3	5	10	4
K12460	2	21	1	1	1	16	1	0	3	2
K11600	1	3	0	1	0	1	0	0	0	0
K00630	7	16	13	5	9	2	2	3	6	1
K11863	4	5	0	0	1	1	4	0	1	1
K11865	0	4	0	0	1	0	1	2	0	0
K06709	0	1	0	1	0	1	0	0	2	1
K11269	0	6	4	0	0	0	1	1	2	0
K11262	190	345	75	34	31	60	14	11	44	6
K08716	1	3	0	0	0	2	0	1	1	0
K10798	0	14	6	4	3	9	2	0	7	5
K08850	0	0	0	0	0	0	0	0	0	0
K10405	0	11	0	0	0	0	0	1	1	0
K00099	13	23	2	5	5	0	2	1	3	0
K11314	16	45	31	14	11	8	18	5	12	8
K17491	1397	2384	1922	725	1461	968	899	1073	671	1084
K00140	0	6	0	0	0	0	0	0	2	0
K00417	11	26	0	2	2	3	2	4	2	4
K01948	94	3	22	0	8	6	1	3	4	8
K00145	4	3	1	0	0	0	2	1	1	2
K01940	79	19	23	1	5	3	1	2	1	4
K00384	5	26	10	7	11	7	1	3	10	1
K00387	933	1365	1044	334	368	344	466	451	248	445
K00382	22	43	35	3	10	11	3	9	9	3
K00383	212	108	92	43	73	164	45	29	54	23
K17497	10	6	0	4	0	1	0	0	4	0
K00898	1	11	3	0	7	3	1	1	2	0
K09394	13	19	11	13	11	7	3	4	5	4
K00891	4	2	0	0	0	0	1	0	1	0
K00894	10	15	11	3	5	8	7	0	3	1
K00895	12	1	1	0	0	1	1	3	0	6
K14791	5089	7148	5584	1921	4482	2403	2286	2640	1797	3025
K17839	0	4	1	1	0	8	0	0	1	1
K05868	18	37	24	9	10	8	15	3	9	7
K05863	1531	583	394	72	90	174	125	93	110	107
K00565	4	18	4	2	3	7	2	0	7	7
K00567	0	3	0	0	0	1	1	1	0	0
K02078	43	32	9	6	6	4	2	1	2	1
K00967	0	1	0	0	0	0	0	2	0	0
K00962	47	75	62	29	23	30	27	21	17	20
K14965	4	2	2	2	2	2	1	2	2	3
K01166	0	29	4	2	3	0	1	1	9	0
K14963	1	5	0	1	0	0	0	0	2	0
K14962	2	1	0	0	0	1	0	1	1	0
K08150	1	5	0	0	0	2	1	0	1	0
K14561	4	1	2	0	2	4	0	0	1	0
K14560	35	6	13	0	3	2	0	0	4	1
K14563	116	7	40	0	15	2	3	8	12	2
K14565	66	13	20	0	3	0	2	0	5	3
K17943	0	7	2	1	0	0	0	0	2	1
K14566	23	15	15	4	10	13	7	9	3	3
K14569	21	7	15	0	9	2	2	5	4	1
K14568	14	2	5	0	0	1	1	0	1	1
K04712	0	4	0	1	2	1	1	2	7	1
K02940	179	90	93	6	30	17	14	8	13	12
K02941	70	79	50	1	19	7	3	7	9	3
K05662	0	0	0	0	1	0	0	0	0	0
K02943	65	85	122	16	24	39	45	37	26	55
K05665	0	10	0	0	1	1	1	0	3	0
K15305	8	16	7	2	1	8	9	1	5	2
K08884	1	1	4	0	0	0	0	1	1	0
K01768	171	235	608	74	86	238	173	212	132	221
K09577	0	0	0	1	0	1	0	0	0	1
K09578	2	4	0	0	0	0	0	1	0	2
K02492	11	15	5	0	1	3	2	1	2	4
K03949	9	4	1	2	0	3	2	0	1	1
K14788	11	5	8	1	4	2	1	6	1	0
K03943	4	11	5	0	2	5	0	1	2	0
K03942	7	34	10	8	5	8	1	3	2	7
K14787	6	1	13	0	7	1	1	1	4	2
K14786	42	51	80	12	17	28	37	25	8	48
K02703	19545	1191	5076	4528	8478	7441	1991	1005	9075	1240
K15414	0	0	0	0	0	0	0	0	0	0
K02704	1652	107	264	212	187	195	92	64	249	86
K02705	2268	224	434	464	865	600	169	109	844	158
K14415	31	72	59	6	12	31	26	20	11	27
K01014	0	5	0	0	0	0	1	0	0	0
K14416	0	6	3	0	1	1	0	0	0	1
K14411	67	38	43	9	23	16	8	5	10	8
K02258	95	127	146	47	101	46	58	67	57	68
K10949	7	10	3	1	0	1	2	0	0	0
K12817	0	3	2	0	0	1	1	0	0	0
K12816	0	2	0	0	0	3	0	1	1	1
K09419	1	3	6	0	3	1	0	0	3	3
K01611	29	13	14	2	1	0	0	0	12	4
K12812	19	22	19	4	4	4	6	1	10	5
K09415	3	14	12	2	7	10	2	3	5	4
K12818	0	10	0	2	1	0	0	0	1	0
K03839	1	6	1	0	2	1	0	0	3	0
K06889	416	685	643	251	536	247	289	301	210	281
K13783	66	31	9	0	2	1	1	1	5	3
K02835	1	4	2	3	0	1	0	0	1	0
K02836	2	0	0	0	0	0	0	0	0	0
K02838	1	2	0	0	0	0	0	0	0	0
K13789	6	0	0	0	0	0	0	0	0	0
K05283	152	216	241	84	190	84	96	109	87	97
K09858	1	4	1	0	2	0	0	0	0	2
K06067	13	29	6	2	4	9	3	1	4	1
K06066	2	11	9	2	3	9	1	2	8	1
K06063	3	2	2	0	3	4	0	3	1	0
K06062	10	12	0	2	0	6	2	0	0	6
K02231	1	2	0	0	0	0	0	0	0	0
K00435	1	3	0	0	0	2	1	0	4	0
K12323	0	7	0	0	0	2	1	0	3	1
K13253	0	2	3	3	0	0	0	1	0	2
K01609	0	1	5	0	4	2	0	0	3	0
K17550	3	3	1	0	0	0	0	0	0	0
K17553	5	2	0	0	0	1	1	0	0	0
K06390	0	12	1	0	0	1	0	0	1	0
K13812	29204	16002	17428	10404	9634	32007	7517	7277	21286	8738
K06669	44	20	28	16	27	28	16	8	38	23
K16794	0	4	0	0	0	1	0	1	1	0
K12493	0	11	7	1	5	8	1	3	2	5
K12492	5	4	0	1	0	0	2	1	3	1
K11412	0	0	2	0	0	1	0	0	2	0
K11416	97	104	103	57	89	47	58	61	46	64
K11788	29	6	15	0	5	2	1	0	0	1
K00627	41	32	28	7	11	8	8	9	6	4
K12479	0	2	0	1	0	1	0	0	0	0
K00624	2	8	0	0	2	1	1	1	8	0
K16575	3	11	3	1	1	0	0	1	0	0
K09969	85526	50980	72476	30095	49129	60270	34808	29738	38156	32695
K16578	0	11	0	1	1	1	1	0	2	0
K09966	1	1	0	0	0	0	0	0	0	0
K11072	0	4	0	0	0	0	0	0	2	1
K11254	252	1967	149	59	70	87	33	32	82	60
K11251	75	544	30	24	3	11	3	8	18	6
K11252	45	183	15	12	4	7	7	7	11	7
K11253	34	244	58	43	36	18	31	37	16	43
K11096	8	5	2	0	0	0	0	0	0	0
K11097	1	6	0	0	0	0	0	0	0	0
K11094	3	6	0	1	0	0	0	0	0	0
K11092	3	7	0	2	6	2	0	0	3	0
K11093	0	1	0	0	0	0	0	0	0	0
K11090	28	7	17	1	2	7	7	0	1	4
K00710	2	5	4	2	5	1	3	1	1	3
K11098	0	1	3	0	0	0	0	0	1	0
K11099	4	1	0	1	0	0	1	0	1	0
K14709	2	3	0	1	0	1	0	0	1	0
K10413	8	24	3	1	3	3	5	0	0	2
K11129	6	2	6	0	0	1	0	0	0	0
K10415	6	16	2	0	4	6	0	1	15	0
K10419	1	1	0	0	0	0	0	0	0	0
K10418	3	16	3	4	2	1	1	2	1	3
K02906	6	10	0	0	1	0	0	0	0	0
K00088	13	1	5	0	2	2	1	1	2	0
K17907	0	4	1	0	1	1	0	0	4	0
K11320	30	61	39	13	21	13	25	11	16	13
K11323	1	5	0	0	0	0	0	0	3	0
K15175	1	3	2	1	2	2	0	2	2	1
K15177	1	3	2	1	0	1	0	0	1	0
K15176	2	7	0	1	0	3	0	0	1	1
K11329	0	2	0	0	1	0	0	0	0	1
K05916	1	13	0	0	2	2	3	0	5	2
K05917	7	6	3	0	0	0	1	0	1	0
K15181	0	9	0	0	0	0	0	0	0	0
K01972	2375	4078	2892	1021	2876	1287	1244	1537	941	1614
K00486	0	3	10	2	4	3	12	4	9	0
K00392	36	24	31	0	8	5	2	4	1	6
K07759	1	2	0	0	0	3	1	0	7	0
K01379	5	49	9	14	12	13	3	14	29	16
K01372	0	7	1	0	0	1	0	0	2	1
K01373	0	0	2	0	2	0	2	3	1	2
K14312	5	6	6	2	0	2	0	1	2	1
K07441	0	2	0	0	0	0	0	0	0	0
K15637	0	2	0	0	0	0	0	1	0	0
K14319	2	16	3	1	1	9	1	0	18	3
K09140	3	1	3	0	0	0	0	0	0	1
K09142	3	2	5	0	4	0	1	2	2	1
K06171	2	2	5	4	3	8	6	0	2	1
K04615	1	5	0	0	1	1	2	0	2	1
K02321	0	2	0	0	0	0	0	0	0	0
K17822	3	5	3	1	0	3	1	2	0	3
K00574	5	34	8	5	1	3	3	0	6	1
K00573	151	240	222	77	194	76	87	110	86	79
K02325	24	47	34	9	12	10	15	9	9	10
K00972	0	3	0	0	0	0	0	0	0	0
K14950	6	18	18	3	8	9	7	8	7	8
K06176	19	2	3	0	0	1	0	0	0	0
K07119	0	2	0	0	1	1	0	0	1	0
K02328	0	2	0	0	0	0	0	0	0	0
K01288	1	2	3	0	0	1	0	0	1	3
K08081	8	6	3	0	2	2	0	0	5	0
K14859	12	2	4	0	4	0	0	1	0	0
K01280	2915	4465	3195	1478	2843	2072	1633	2279	1137	2108
K01285	1	2	0	1	0	1	0	1	0	2
K02957	63	50	24	1	10	8	2	4	4	5
K02956	63	49	30	7	22	13	1	3	8	9
K02955	138	73	52	18	15	20	20	11	10	26
K05673	212	331	329	125	286	129	160	162	116	147
K14559	10	7	13	1	9	5	2	3	9	0
K02951	232	153	69	8	18	7	12	8	16	11
K14554	505	1047	895	150	209	498	390	405	164	370
K14557	47	71	53	26	34	27	28	16	24	18
K14550	14	16	11	0	1	1	0	1	2	0
K02959	2	0	0	0	0	0	0	0	0	0
K14553	15	4	8	0	1	2	1	3	2	6
K01578	42	60	69	27	46	13	18	37	25	31
K00889	5	14	3	5	5	6	0	2	10	0
K00888	13	30	9	1	0	6	4	2	6	0
K01754	0	2	0	1	0	2	0	0	0	0
K01027	0	5	1	1	3	1	0	3	0	1
K01756	23	4	4	0	5	0	0	1	0	4
K04505	0	5	2	1	0	3	2	0	0	0
K01750	15	6	8	5	11	7	3	6	3	6
K01758	4	4	1	0	0	0	0	2	0	0
K01759	2	6	1	0	2	5	0	0	1	0
K04508	0	11	7	1	10	2	0	2	5	2
K04532	4	9	2	0	2	0	2	0	6	0
K09562	5	8	16	2	7	15	0	4	20	1
K01595	40	9	7	0	0	0	1	1	0	7
K09567	0	5	0	0	0	3	0	1	2	0
K01590	47	40	11	2	4	5	4	2	6	7
K01591	9	1	1	0	2	0	0	0	0	0
K09568	0	5	0	2	0	0	0	0	0	0
K01598	0	7	0	0	0	0	0	2	0	0
K01599	18	6	5	0	1	2	1	0	0	0
K02480	0	2	1	2	0	2	0	0	2	0
K13336	0	2	0	0	0	2	0	0	0	0
K13339	1	1	0	0	1	0	0	0	1	0
K02712	48	4	2	2	2	3	1	1	17	3
K02714	99	115	32	20	13	2	1	1	3	0
K02717	4	0	0	3	2	0	0	0	0	1
K02716	9453	10618	1318	649	264	205	135	157	313	168
K02719	115	97	39	23	4	9	1	1	9	0
K01755	21	4	3	0	1	0	0	0	0	0
K00938	2	5	0	0	0	0	0	0	0	0
K10754	81	197	147	31	22	81	55	48	28	58
K01620	0	1	0	0	0	2	1	0	0	0
K12863	2	3	0	0	2	0	0	0	2	0
K12860	4	14	1	1	3	2	0	0	3	0
K12861	0	3	0	1	0	2	0	0	0	0
K01624	54	87	59	41	25	19	9	3	25	6
K12867	1	0	2	0	2	5	0	0	1	1
K12864	0	1	0	0	1	4	0	0	0	0
K01628	18129	8832	9648	5735	5420	17270	4350	4001	11595	5193
K02133	1012	508	429	115	74	270	87	219	192	229
K16810	1400	2128	1489	553	1210	682	670	736	468	791
K02135	28	29	12	6	6	1	3	3	3	4
K02134	102	200	100	34	81	63	65	57	22	100
K02137	31	35	4	4	5	4	2	1	7	1
K02136	69	60	30	4	2	10	6	9	10	8
K03841	9	76	17	21	5	10	2	0	9	0
K03844	1	0	2	0	0	0	0	0	0	0
K03848	0	1	0	0	1	1	0	0	3	0
K03849	0	0	1	0	1	2	0	0	2	0
K03531	9	18	5	3	6	9	6	2	6	2
K13025	3	9	2	0	1	0	0	1	2	0
K13024	89	211	185	29	57	89	73	66	45	86
K03539	581	924	872	323	718	357	384	417	315	388
K05291	8	19	13	3	2	3	12	1	3	1
K05290	0	1	0	0	0	0	0	0	0	0
K05292	2	1	1	0	2	0	0	0	0	0
K03660	2	2	0	0	3	0	1	0	4	0
K03661	9	13	3	2	2	0	0	2	0	1
K03667	0	4	0	1	0	0	1	2	0	0
K03665	535719	353245	337974	220622	189873	703112	141991	154663	390219	167183
K06013	2	0	0	1	0	0	0	0	0	0
K02227	0	0	0	0	0	0	0	0	0	0
K02221	3	3	1	1	5	2	0	0	8	3
K17785	1	6	1	0	0	3	0	0	2	0
K17780	2	2	0	0	1	0	0	0	0	0
K17781	3	5	1	0	2	2	1	0	2	0
K17783	0	0	0	0	2	0	0	0	0	0
K13248	0	3	0	0	0	0	1	0	0	0
K03283	745	427	784	195	366	745	327	447	457	447
K03064	2	7	18	0	3	10	8	5	8	9
K03065	12465	6950	10899	4879	7691	9092	4842	4183	5884	4705
K03066	9	100	4	2	2	3	0	4	7	3
K08955	7	8	3	3	1	1	2	2	8	1
K03061	4	7	8	1	3	2	1	3	4	2
K03062	7	17	0	4	4	7	0	1	6	0
K03063	9	132	4	8	1	5	7	3	4	4
K08959	36	41	16	9	5	10	1	0	8	3
K17768	20	10	12	1	5	0	1	0	2	2
K11662	468	735	655	245	562	278	309	302	196	314
K03267	18	8	1	1	1	9	1	3	1	2
K03264	44	15	16	2	19	25	8	5	15	11
K03265	24	19	5	0	0	1	1	2	7	0
K03262	46	15	13	0	7	4	0	3	7	6
K03263	128	77	39	6	19	8	17	6	10	4
K03260	18	28	23	3	11	15	7	11	11	2
K13807	0	5	0	0	0	1	0	2	2	0
K13800	4	9	1	1	0	3	2	0	4	1
K06126	1	1	2	0	1	1	0	0	1	0
K06127	1	0	0	0	0	1	0	0	4	0
K09602	1	5	1	0	0	0	0	0	1	0
K06653	2	18	2	2	1	8	3	0	7	1
K17498	1	6	1	3	1	3	0	0	4	0
K02997	456	98	78	6	25	12	20	13	16	17
K17360	0	4	1	1	0	0	0	0	1	0
K17496	3	1	2	0	0	0	0	0	0	1
K14696	161	325	305	47	55	176	131	117	59	125
K11407	0	1	0	0	0	0	0	0	0	0
K12447	0	8	0	2	0	0	0	0	0	0
K02999	68	76	115	12	16	9	10	7	7	8
K00002	0	0	0	0	0	0	0	0	0	0
K11885	2	2	0	0	0	0	0	0	1	0
K11884	6	1	11	1	4	3	4	3	7	9
K11886	356	488	376	119	134	103	162	134	113	161
K11883	5	5	13	0	6	3	1	0	2	1
K13050	3	19	0	0	0	3	0	0	7	0
K16569	0	2	1	1	1	3	0	0	1	1
K15455	18	32	15	5	11	4	11	0	5	4
K00763	1	10	2	0	2	0	0	0	0	10
K11087	0	2	0	0	0	0	1	0	0	0
K00761	0	34	3	7	0	0	4	0	3	0
K00766	1	5	0	0	0	0	0	0	0	0
K00767	16	2	3	0	1	0	1	0	1	2
K00765	11	2	6	0	1	0	0	0	1	1
K11088	12	13	3	2	0	0	0	2	0	0
K12396	0	1	0	0	0	0	0	0	0	0
K08770	664	995	2549	2283	6656	3999	3092	2798	4652	2532
K08776	3	25	8	0	2	5	2	7	2	1
K11835	10	5	2	0	1	3	1	0	3	1
K10426	0	4	0	0	0	2	0	0	4	0
K10427	0	3	0	0	1	0	0	0	2	0
K10756	4	5	6	1	0	5	2	2	0	0
K10206	54	0	30	0	9	0	3	2	1	3
K10755	7	6	3	0	4	1	2	1	1	1
K10752	7673	10385	7604	2663	6195	3379	3173	3413	2338	4088
K10753	0	0	0	0	0	1	0	0	0	0
K10751	302	473	393	127	161	118	156	152	106	143
K01966	0	10	0	1	0	1	1	2	3	0
K01965	244	350	296	104	122	98	125	113	88	127
K01969	6	8	9	0	1	10	7	4	7	5
K00164	3	13	6	0	1	4	2	6	2	2
K00793	0	2	0	0	4	1	1	0	0	0
K00166	0	27	3	2	1	5	5	2	5	1
K00167	0	21	1	0	2	2	0	3	7	1
K00161	32	66	19	0	7	4	5	6	4	4
K00162	21	10	12	0	3	11	2	10	4	10
K10688	6	1	0	0	0	0	0	0	1	0
K10689	1	3	0	1	0	0	0	0	0	0
K12858	2	2	0	0	3	0	1	2	1	0
K10680	0	2	1	0	0	0	0	1	0	0
K10684	0	8	0	2	0	0	0	0	0	2
K10685	0	10	0	0	0	0	2	0	0	0
K10686	1	2	0	0	1	2	1	0	2	0
